0,0,0,0,0,0,0,0,0,0
0,0,0,0,0,0,0,0,0,0
0,0,0,0,0,0,0,0,0,0
0,0,0,0,0,0,0,0,0,0
0,0,0,0,0,0,0,0,0,0
0,0,0,0,0,0,0,0,0,0
0,0,0,0,0,0,0,0,0,0
0,0,0,0,0,0,0,0,0,0
0,0,0,0,0,0,0,0,0,0
0,0,0,0,0,0,0,0,0,0
0,0,0,0,0,0,0,0,0,0
0,0,0,0,0,0,0,0,0,0
0,0,0,0,0,0,0,0,0,0
0,0,0,0,0,0,0,0,0,0
0,0,0,0,0,0,0,0,0,0
0,0,0,0,0,0,0,0,0,0
0,0,0,0,0,0,0,0,0,0
0,0,0,0,0,0,0,0,0,0
0,0,0,0,0,0,0,0,0,0
0,0,0,0,0,0,0,0,0,0
0,0,0,0,0,0,0,0,0,0
0,0,0,0,0,0,0,0,0,0
0,0,0,0,0,0,0,0,0,0
0,0,0,0,0,0,0,0,0,0
0,0,0,0,0,0,0,0,0,0
0,0,0,0,0,0,0,0,0,0
0,0,0,0,0,0,0,0,0,0
0,0,0,0,0,0,0,0,0,0
0,0,0,0,0,0,0,0,0,0
0,0,0,0,0,0,0,0,0,0
0,0,0,0,0,0,0,0,0,0
0,0,0,0,0,0,0,0,0,0
0,0,0,0,0,0,0,0,0,0
0,0,0,0,0,0,0,0,0,0
0,0,0,0,0,0,0,0,0,0
0,0,0,0,0,0,0,0,0,0
0,0,0,0,0,0,0,0,0,0
0,0,0,0,0,0,0,0,0,0
0,0,0,0,0,0,0,0,0,0
0,0,0,0,0,0,0,0,0,0
0,0,0,0,0,0,0,0,0,0
0,0,0,0,0,0,0,0,0,0
0,0,0,0,0,0,0,0,0,0
0,0,0,0,0,0,0,0,0,0
0,0,0,0,0,0,0,0,0,0
0,0,0,0,0,0,0,0,0,0
0,0,0,0,0,0,0,0,0,0
0,0,0,0,0,0,0,0,0,0
0,0,0,0,0,0,0,0,0,0
0,0,0,0,0,0,0,0,0,0
0,0,0,0,0,0,0,0,0,0
0,0,0,0,0,0,0,0,0,0
0,0,0,0,0,0,0,0,0,0
0,0,0,0,0,0,0,0,0,0
0,0,0,0,0,0,0,0,0,0
0,0,0,0,0,0,0,0,0,0
0,0,0,0,0,0,0,0,0,0
0,0,0,0,0,0,0,0,0,0
0,0,0,0,0,0,0,0,0,0
0,0,0,0,0,0,0,0,0,0
0.026584,0,0,0,0,0,0,0,0,0
0.061175,0,0,0,0,0,0,0,0,0
0.061175,0,0,0,0,0,0,0,0,0
0.061175,0,0,0,0,0,0,0,0,0
0.061175,0,0,0,0,0,0,0,0,0
0.061175,0,0,0,0,0,0,0,0,0
0.061175,0,0,0,0,0,0,0,0,0
0.061175,0,0,0,0,0,0,0,0,0
0.061175,0,0,0,0,0,0,0,0,0
0.061175,0,0,0,0,0,0,0,0,0
0.061175,0,0,0,0,0,0,0,0,0
0.061175,0,0,0,0,0,0,0,0,0
0.061175,0,0,0,0,0,0,0,0,0
0.061175,0,0,0,0,0,0,0,0,0
0.039607,0,0,0,0,0,0,0,0,0
0.034584,0,0,0,0,0,0,0,0,0
0.034584,0,0,0,0,0,0,0,0,0
0.034584,0,0,0,0,0,0,0,0,0
0.034584,0,0,0,0,0,0,0,0,0
0.034584,0,0,0,0,0,0,0,0,0
0.034584,0,0,0,0,0,0,0,0,0
0.034584,0,0,0,0,0,0,0,0,0
0.034584,0,0,0,0,0,0,0,0,0
0.034584,0,0,0,0,0,0,0,0,0
0.034584,0,0,0,0,0,0,0,0,0
0.034584,0,0,0,0,0,0,0,0,0
0.034584,0,0,0,0,0,0,0,0,0
0.034584,0,0,0,0,0,0,0,0,0
0.034584,0,0,0,0,0,0,0,0,0
0.034584,0,0,0,0,0,0,0,0,0
0.034584,0,0,0,0,0,0,0,0,0
0.034584,0,0,0,0,0,0,0,0,0
0.034584,0,0,0,0,0,0,0,0,0
0.034584,0,0,0,0,0,0,0,0,0
0.034584,0,0,0,0,0,0,0,0,0
0.034584,0,0,0,0,0,0,0,0,0
0.034584,0,0,0,0,0,0,0,0,0
0.034584,0,0,0,0,0,0,0,0,0
0.034584,0,0,0,0,0,0,0,0,0
0.034584,0,0,0,0,0,0,0,0,0
0.034584,0,0,0,0,0,0,0,0,0
0.034584,0,0,0,0,0,0,0,0,0
0.034584,0,0,0,0,0,0,0,0,0
0.034584,0,0,0,0,0,0,0,0,0
0.034584,0,0,0,0,0,0,0,0,0
0.034584,0,0,0,0,0,0,0,0,0
0.034584,0,0,0,0,0,0,0,0,0
0.036686,0,0,0,0,0,0,0,0,0
0.040105,0,0,0,0,0,0,0,0,0
0.040105,0,0,0,0,0,0,0,0,0
0.040105,0,0,0,0,0,0,0,0,0
0.040105,0,0,0,0,0,0,0,0,0
0.040105,0,0,0,0,0,0,0,0,0
0.040105,0,0,0,0,0,0,0,0,0
0.040105,0,0,0,0,0,0,0,0,0
0.040105,0,0,0,0,0,0,0,0,0
0.040105,0,0,0,0,0,0,0,0,0
0.040105,0,0,0,0,0,0,0,0,0
0.040105,0,0,0,0,0,0,0,0,0
0.040105,0,0,0,0,0,0,0,0,0
0.040105,0,0,0,0,0,0,0,0,0
0.040105,0,0,0,0,0,0,0,0,0
0.040105,0,0,0,0,0,0,0,0,0
0.040105,0,0,0,0,0,0,0,0,0
0.040105,0,0,0,0,0,0,0,0,0
0.040105,0,0,0,0,0,0,0,0,0
0.040105,0,0,0,0,0,0,0,0,0
0.040105,0,0,0,0,0,0,0,0,0
0.040105,0,0,0,0,0,0,0,0,0
0.040105,0,0,0,0,0,0,0,0,0
0.040105,0,0,0,0,0,0,0,0,0
0.040105,0,0,0,0,0,0,0,0,0
0.040105,0,0,0,0,0,0,0,0,0
0.040105,0,0,0,0,0,0,0,0,0
0.040105,0,0,0,0,0,0,0,0,0
0.040105,0,0,0,0,0,0,0,0,0
0.040105,0,0,0,0,0,0,0,0,0
0.040105,0,0,0,0,0,0,0,0,0
0.040105,0,0,0,0,0,0,0,0,0
0.040105,0,0,0,0,0,0,0,0,0
0.040105,0,0,0,0,0,0,0,0,0
0.040105,0,0,0,0,0,0,0,0,0
0.040105,0,0,0,0,0,0,0,0,0
0.040105,0,0,0,0,0,0,0,0,0
0.040105,0,0,0,0,0,0,0,0,0
0.040105,0,0,0,0,0,0,0,0,0
0.040105,0,0,0,0,0,0,0,0,0
0.040105,0,0,0,0,0,0,0,0,0
0.040105,0,0,0,0,0,0,0,0,0
0.045645,0,0,0,0,0,0,0,0,0
0.058355,0,0,0,0,0,0,0,0,0
0.058355,0,0,0,0,0,0,0,0,0
0.058355,0,0,0,0,0,0,0,0,0
0.058355,0,0,0,0,0,0,0,0,0
0.058355,0,0,0,0,0,0,0,0,0
0.058355,0,0,0,0,0,0,0,0,0
0.058355,0,0,0,0,0,0,0,0,0
0.058355,0,0,0,0,0,0,0,0,0
0.058355,0,0,0,0,0,0,0,0,0
0.058355,0,0,0,0,0,0,0,0,0
0.058355,0,0,0,0,0,0,0,0,0
0.058355,0,0,0,0,0,0,0,0,0
0.058355,0,0,0,0,0,0,0,0,0
0.058355,0,0,0,0,0,0,0,0,0
0.058355,0,0,0,0,0,0,0,0,0
0.058355,0,0,0,0,0,0,0,0,0
0.058355,0,0,0,0,0,0,0,0,0
0.058355,0,0,0,0,0,0,0,0,0
0.058355,0,0,0,0,0,0,0,0,0
0.058355,0,0,0,0,0,0,0,0,0
0.058355,0,0,0,0,0,0,0,0,0
0.058355,0,0,0,0,0,0,0,0,0
0.058355,0,0,0,0,0,0,0,0,0
0.058355,0,0,0,0,0,0,0,0,0
0.058355,0,0,0,0,0,0,0,0,0
0.058355,0,0,0,0,0,0,0,0,0
0.058355,0,0,0,0,0,0,0,0,0
0.058355,0,0,0,0,0,0,0,0,0
0.058355,0,0,0,0,0,0,0,0,0
0.058355,0,0,0,0,0,0,0,0,0
0.058355,0,0,0,0,0,0,0,0,0
0.058355,0,0,0,0,0,0,0,0,0
0.058355,0,0,0,0,0,0,0,0,0
0.058355,0,0,0,0,0,0,0,0,0
0.058355,0,0,0,0,0,0,0,0,0
0.058355,0,0,0,0,0,0,0,0,0
0.058355,0,0,0,0,0,0,0,0,0
0.058355,0,0,0,0,0,0,0,0,0
0.058355,0,0,0,0,0,0,0,0,0
0.076669,0,0,0,0,0,0,0,0,0
0.083117,0,0,0,0,0,0,0,0,0
0.083117,0,0,0,0,0,0,0,0,0
0.083117,0,0,0,0,0,0,0,0,0
0.083117,0,0,0,0,0,0,0,0,0
0.083117,0,0,0,0,0,0,0,0,0
0.083117,0,0,0,0,0,0,0,0,0
0.083117,0,0,0,0,0,0,0,0,0
0.083117,0,0,0,0,0,0,0,0,0
0.083117,0,0,0,0,0,0,0,0,0
0.083117,0,0,0,0,0,0,0,0,0
0.083117,0,0,0,0,0,0,0,0,0
0.083117,0,0,0,0,0,0,0,0,0
0.083117,0,0,0,0,0,0,0,0,0
0.083117,0,0,0,0,0,0,0,0,0
0.083117,0,0,0,0,0,0,0,0,0
0.083117,0,0,0,0,0,0,0,0,0
0.083117,0,0,0,0,0,0,0,0,0
0.083117,0,0,0,0,0,0,0,0,0
0.083117,0,0,0,0,0,0,0,0,0
0.083117,0,0,0,0,0,0,0,0,0
0.083117,0,0,0,0,0,0,0,0,0
0.083117,0,0,0,0,0,0,0,0,0
0.083117,0,0,0,0,0,0,0,0,0
0.083117,0,0,0,0,0,0,0,0,0
0.083117,0,0,0,0,0,0,0,0,0
0.083117,0,0,0,0,0,0,0,0,0
0.083117,0,0,0,0,0,0,0,0,0
0.083117,0,0,0,0,0,0,0,0,0
0.083117,0,0,0,0,0,0,0,0,0
0.083117,0,0,0,0,0,0,0,0,0
0.083117,0,0,0,0,0,0,0,0,0
0.083117,0,0,0,0,0,0,0,0,0
0.083117,0,0,0,0,0,0,0,0,0
0.083117,0,0,0,0,0,0,0,0,0
0.087255,0,0,0,0,0,0,0,0,0
0.09828,0,0,0,0,0,0,0,0,0
0.09828,0,0,0,0,0,0,0,0,0
0.09828,0,0,0,0,0,0,0,0,0
0.09828,0,0,0,0,0,0,0,0,0
0.09828,0,0,0,0,0,0,0,0,0
0.09828,0,0,0,0,0,0,0,0,0
0.09828,0,0,0,0,0,0,0,0,0
0.09828,0,0,0,0,0,0,0,0,0
0.09828,0,0,0,0,0,0,0,0,0
0.09828,0,0,0,0,0,0,0,0,0
0.09828,0,0,0,0,0,0,0,0,0
0.09828,0,0,0,0,0,0,0,0,0
0.09828,0,0,0,0,0,0,0,0,0
0.09828,0,0,0,0,0,0,0,0,0
0.09828,0,0,0,0,0,0,0,0,0
0.09828,0,0,0,0,0,0,0,0,0
0.09828,0,0,0,0,0,0,0,0,0
0.09828,0,0,0,0,0,0,0,0,0
0.09828,0,0,0,0,0,0,0,0,0
0.09828,0,0,0,0,0,0,0,0,0
0.09828,0,0,0,0,0,0,0,0,0
0.09828,0,0,0,0,0,0,0,0,0
0.09828,0,0,0,0,0,0,0,0,0
0.09828,0,0,0,0,0,0,0,0,0
0.09828,0,0,0,0,0,0,0,0,0
0.09828,0,0,0,0,0,0,0,0,0
0.09828,0,0,0,0,0,0,0,0,0
0.09828,0,0,0,0,0,0,0,0,0
0.09828,0,0,0,0,0,0,0,0,0
0.09828,0,0,0,0,0,0,0,0,0
0.09828,0,0,0,0,0,0,0,0,0
0.09828,0,0,0,0,0,0,0,0,0
0.09828,0,0,0,0,0,0,0,0,0
0.09828,0,0,0,0,0,0,0,0,0
0.09828,0,0,0,0,0,0,0,0,0
0.09828,0,0,0,0,0,0,0,0,0
0.10312,0,0,0,0,0,0,0,0,0
0.11526,0,0,0,0,0,0,0,0,0
0.11526,0,0,0,0,0,0,0,0,0
0.11526,0,0,0,0,0,0,0,0,0
0.11526,0,0,0,0,0,0,0,0,0
0.11526,0,0,0,0,0,0,0,0,0
0.11526,0,0,0,0,0,0,0,0,0
0.11526,0,0,0,0,0,0,0,0,0
0.11526,0,0,0,0,0,0,0,0,0
0.11526,0,0,0,0,0,0,0,0,0
0.11526,0,0,0,0,0,0,0,0,0
0.11526,0,0,0,0,0,0,0,0,0
0.11526,0,0,0,0,0,0,0,0,0
0.11526,0,0,0,0,0,0,0,0,0
0.11526,0,0,0,0,0,0,0,0,0
0.11526,0,0,0,0,0,0,0,0,0
0.11526,0,0,0,0,0,0,0,0,0
0.11526,0,0,0,0,0,0,0,0,0
0.11526,0,0,0,0,0,0,0,0,0
0.11526,0,0,0,0,0,0,0,0,0
0.11526,0,0,0,0,0,0,0,0,0
0.11526,0,0,0,0,0,0,0,0,0
0.11526,0,0,0,0,0,0,0,0,0
0.11526,0,0,0,0,0,0,0,0,0
0.11526,0,0,0,0,0,0,0,0,0
0.11526,0,0,0,0,0,0,0,0,0
0.11526,0,0,0,0,0,0,0,0,0
0.11526,0,0,0,0,0,0,0,0,0
0.11526,0,0,0,0,0,0,0,0,0
0.11526,0,0,0,0,0,0,0,0,0
0.11526,0,0,0,0,0,0,0,0,0
0.11526,0,0,0,0,0,0,0,0,0
0.11526,0,0,0,0,0,0,0,0,0
0.11526,0,0,0,0,0,0,0,0,0
0.11526,0,0,0,0,0,0,0,0,0
0.11526,0,0,0,0,0,0,0,0,0
0.11526,0,0,0,0,0,0,0,0,0
0.11526,0,0,0,0,0,0,0,0,0
0.1177,0,0,0,0,0,0,0,0,0
0.13378,0,0,0,0,0,0,0,0,0
0.13378,0,0,0,0,0,0,0,0,0
0.13378,0,0,0,0,0,0,0,0,0
0.13378,0,0,0,0,0,0,0,0,0
0.13378,0,0,0,0,0,0,0,0,0
0.13378,0,0,0,0,0,0,0,0,0
0.13378,0,0,0,0,0,0,0,0,0
0.13378,0,0,0,0,0,0,0,0,0
0.13378,0,0,0,0,0,0,0,0,0
0.13378,0,0,0,0,0,0,0,0,0
0.13378,0,0,0,0,0,0,0,0,0
0.13378,0,0,0,0,0,0,0,0,0
0.13378,0,0,0,0,0,0,0,0,0
0.13378,0,0,0,0,0,0,0,0,0
0.59019,0,0,0,0,0,0,0,0,0
1.4747,0,0,0,0,0,0,0,0,0
1.5197,0,0,0,0,0,0,0,0,0
1.2772,0,0,0,0,0,0,0,0,0
1.1676,0,0,0,0,0,0,0,0,0
1.0935,0,0,0,0,0,0,0,0,0
1.0928,0,0,0,0,0,0,0,0,0
1.0865,0,0,0,0,0,0,0,0,0
1.0865,0,0,0,0,0,0,0,0,0
1.0047,0,0,0,0,0,0,0,0,0
0.99235,0,0,0,0,0,0,0,0,0
0.98157,0,0,0,0,0,0,0,0,0
0.87022,0,0,0,0,0,0,0,0,0
0.87022,0,0,0,0,0,0,0,0,0
0.87022,0,0,0,0,0,0,0,0,0
0.83836,0,0,0,0,0,0,0,0,0
0.80869,0,0,0,0,0,0,0,0,0
0.80869,0,0,0,0,0,0,0,0,0
0.80869,0,0,0,0,0,0,0,0,0
0.80013,0,0,0,0,0,0,0,0,0
0.77815,0,0,0,0,0,0,0,0,0
0.77815,0,0,0,0,0,0,0,0,0
0.77815,0,0,0,0,0,0,0,0,0
0.77815,0,0,0,0,0,0,0,0,0
0.75042,0,0,0,0,0,0,0,0,0
0.73444,0,0,0,0,0,0,0,0,0
0.73444,0,0,0,0,0,0,0,0,0
0.73444,0,0,0,0,0,0,0,0,0
0.73444,0,0,0,0,0,0,0,0,0
0.73444,0,0,0,0,0,0,0,0,0
0.67615,0,0,0,0,0,0,0,0,0
0.66514,0,0,0,0,0,0,0,0,0
0.66514,0,0,0,0,0,0,0,0,0
0.66514,0,0,0,0,0,0,0,0,0
0.95446,0,0,0,0,0,0,0,0,0
1.1172,0,0,0,0,0,0,0,0,0
0.87134,0,0,0,0,0,0,0,0,0
0.83327,0,0,0,0,0,0,0,0,0
0.83327,0,0,0,0,0,0,0,0,0
0.77798,0,0,0,0,0,0,0,0,0
0.77431,0,0,0,0,0,0,0,0,0
0.77431,0,0,0,0,0,0,0,0,0
0.77431,0,0,0,0,0,0,0,0,0
0.77038,0,0,0,0,0,0,0,0,0
0.75241,0,0,0,0,0,0,0,0,0
0.73644,0,0,0,0,0,0,0,0,0
0.73644,0,0,0,0,0,0,0,0,0
0.73644,0,0,0,0,0,0,0,0,0
0.73644,0,0,0,0,0,0,0,0,0
0.70807,0,0,0,0,0,0,0,0,0
0.70253,0,0,0,0,0,0,0,0,0
0.70253,0,0,0,0,0,0,0,0,0
0.70253,0,0,0,0,0,0,0,0,0
0.68086,0,0,0,0,0,0,0,0,0
0.66921,0,0,0,0,0,0,0,0,0
0.66921,0,0,0,0,0,0,0,0,0
0.65724,0,0,0,0,0,0,0,0,0
0.64217,0,0,0,0,0,0,0,0,0
0.64217,0,0,0,0,0,0,0,0,0
0.64217,0,0,0,0,0,0,0,0,0
0.64217,0,0,0,0,0,0,0,0,0
0.64217,0,0,0,0,0,0,0,0,0
0.64217,0,0,0,0,0,0,0,0,0
0.60757,0,0,0,0,0,0,0,0,0
0.60896,0,0,0,0,0,0,0,0,0
0.62243,0,0,0,0,0,0,0,0,0
0.62243,0,0,0,0,0,0,0,0,0
0.61298,0,0,0,0,0,0,0,0,0
0.61265,0,0,0,0,0,0,0,0,0
0.61265,0,0,0,0,0,0,0,0,0
0.61265,0,0,0,0,0,0,0,0,0
0.61265,0,0,0,0,0,0,0,0,0
0.61265,0,0,0,0,0,0,0,0,0
0.61265,0,0,0,0,0,0,0,0,0
0.59689,0,0,0,0,0,0,0,0,0
0.59122,0,0,0,0,0,0,0,0,0
0.59122,0,0,0,0,0,0,0,0,0
0.59122,0,0,0,0,0,0,0,0,0
0.59122,0,0,0,0,0,0,0,0,0
0.58998,0,0,0,0,0,0,0,0,0
0.58845,0,0,0,0,0,0,0,0,0
0.58845,0,0,0,0,0,0,0,0,0
0.58845,0,0,0,0,0,0,0,0,0
0.58845,0,0,0,0,0,0,0,0,0
0.58845,0,0,0,0,0,0,0,0,0
0.58845,0,0,0,0,0,0,0,0,0
0.58491,0,0,0,0,0,0,0,0,0
0.57823,0,0,0,0,0,0,0,0,0
0.57823,0,0,0,0,0,0,0,0,0
0.57823,0,0,0,0,0,0,0,0,0
0.57823,0,0,0,0,0,0,0,0,0
0.57823,0,0,0,0,0,0,0,0,0
0.57823,0,0,0,0,0,0,0,0,0
0.5742,0,0,0,0,0,0,0,0,0
0.57391,0,0,0,0,0,0,0,0,0
0.57391,0,0,0,0,0,0,0,0,0
0.57391,0,0,0,0,0,0,0,0,0
0.57391,0,0,0,0,0,0,0,0,0
0.57391,0,0,0,0,0,0,0,0,0
0.57365,0,0,0,0,0,0,0,0,0
0.55841,0,0,0,0,0,0,0,0,0
0.55841,0,0,0,0,0,0,0,0,0
0.55841,0,0,0,0,0,0,0,0,0
0.55841,0,0,0,0,0,0,0,0,0
0.55841,0,0,0,0,0,0,0,0,0
0.56183,0,0,0,0,0,0,0,0,0
0.57777,0,0,0,0,0,0,0,0,0
0.57777,0,0,0,0,0,0,0,0,0
0.57282,0,0,0,0,0,0,0,0,0
0.57198,0,0,0,0,0,0,0,0,0
0.57198,0,0,0,0,0,0,0,0,0
0.57198,0,0,0,0,0,0,0,0,0
0.57198,0,0,0,0,0,0,0,0,0
0.57198,0,0,0,0,0,0,0,0,0
0.56447,0,0,0,0,0,0,0,0,0
0.55383,0,0,0,0,0,0,0,0,0
0.55383,0,0,0,0,0,0,0,0,0
0.55383,0,0,0,0,0,0,0,0,0
0.55383,0,0,0,0,0,0,0,0,0
0.55383,0,0,0,0,0,0,0,0,0
0.55383,0,0,0,0,0,0,0,0,0
0.55383,0,0,0,0,0,0,0,0,0
0.55383,0,0,0,0,0,0,0,0,0
0.55383,0,0,0,0,0,0,0,0,0
0.55383,0,0,0,0,0,0,0,0,0
0.55279,0,0,0,0,0,0,0,0,0
0.55092,0,0,0,0,0,0,0,0,0
0.55092,0,0,0,0,0,0,0,0,0
0.55092,0,0,0,0,0,0,0,0,0
0.55092,0,0,0,0,0,0,0,0,0
0.54873,0,0,0,0,0,0,0,0,0
0.54177,0,0,0,0,0,0,0,0,0
0.54177,0,0,0,0,0,0,0,0,0
0.54177,0,0,0,0,0,0,0,0,0
0.54177,0,0,0,0,0,0,0,0,0
0.54177,0,0,0,0,0,0,0,0,0
0.54177,0,0,0,0,0,0,0,0,0
0.54177,0,0,0,0,0,0,0,0,0
0.54177,0,0,0,0,0,0,0,0,0
0.54177,0,0,0,0,0,0,0,0,0
0.54177,0,0,0,0,0,0,0,0,0
0.54177,0,0,0,0,0,0,0,0,0
0.54177,0,0,0,0,0,0,0,0,0
0.54177,0,0,0,0,0,0,0,0,0
0.54173,0,0,0,0,0,0,0,0,0
0.54066,0,0,0,0,0,0,0,0,0
0.54066,0,0,0,0,0,0,0,0,0
0.54719,0,0,0,0,0,0,0,0,0
0.55952,0,0,0,0,0,0,0,0,0
0.55901,0,0,0,0,0,0,0,0,0
0.55901,0,0,0,0,0,0,0,0,0
0.55901,0,0,0,0,0,0,0,0,0
0.55901,0,0,0,0,0,0,0,0,0
0.55901,0,0,0,0,0,0,0,0,0
0.55901,0,0,0,0,0,0,0,0,0
0.55901,0,0,0,0,0,0,0,0,0
0.55901,0,0,0,0,0,0,0,0,0
0.55901,0,0,0,0,0,0,0,0,0
0.55901,0,0,0,0,0,0,0,0,0
0.55901,0,0,0,0,0,0,0,0,0
0.55901,0,0,0,0,0,0,0,0,0
0.55901,0,0,0,0,0,0,0,0,0
0.55901,0,0,0,0,0,0,0,0,0
0.55901,0,0,0,0,0,0,0,0,0
0.55901,0,0,0,0,0,0,0,0,0
0.5582,0,0,0,0,0,0,0,0,0
0.55504,0,0,0,0,0,0,0,0,0
0.55163,0,0,0,0,0,0,0,0,0
0.55163,0,0,0,0,0,0,0,0,0
0.55163,0,0,0,0,0,0,0,0,0
0.55163,0,0,0,0,0,0,0,0,0
0.55163,0,0,0,0,0,0,0,0,0
0.55163,0,0,0,0,0,0,0,0,0
0.55163,0,0,0,0,0,0,0,0,0
0.55163,0,0,0,0,0,0,0,0,0
0.55163,0,0,0,0,0,0,0,0,0
0.55163,0,0,0,0,0,0,0,0,0
0.55163,0,0,0,0,0,0,0,0,0
0.55163,0,0,0,0,0,0,0,0,0
0.55163,0,0,0,0,0,0,0,0,0
0.55163,0,0,0,0,0,0,0,0,0
0.55163,0,0,0,0,0,0,0,0,0
0.55163,0,0,0,0,0,0,0,0,0
0.55163,0,0,0,0,0,0,0,0,0
0.55163,0,0,0,0,0,0,0,0,0
0.55163,0,0,0,0,0,0,0,0,0
0.54596,0,0,0,0,0,0,0,0,0
0.54372,0,0,0,0,0,0,0,0,0
0.5422,0,0,0,0,0,0,0,0,0
0.5422,0,0,0,0,0,0,0,0,0
0.56211,0,0,0,0,0,0,0,0,0
0.56245,0,0,0,0,0,0,0,0,0
0.56245,0,0,0,0,0,0,0,0,0
0.56245,0,0,0,0,0,0,0,0,0
0.56245,0,0,0,0,0,0,0,0,0
0.56245,0,0,0,0,0,0,0,0,0
0.56245,0,0,0,0,0,0,0,0,0
0.56245,0,0,0,0,0,0,0,0,0
0.56245,0,0,0,0,0,0,0,0,0
0.56245,0,0,0,0,0,0,0,0,0
0.56245,0,0,0,0,0,0,0,0,0
0.56245,0,0,0,0,0,0,0,0,0
0.56245,0,0,0,0,0,0,0,0,0
0.56245,0,0,0,0,0,0,0,0,0
0.56245,0,0,0,0,0,0,0,0,0
0.56245,0,0,0,0,0,0,0,0,0
0.56245,0,0,0,0,0,0,0,0,0
0.56187,0,0,0,0,0,0,0,0,0
0.56161,0,0,0,0,0,0,0,0,0
0.56161,0,0,0,0,0,0,0,0,0
0.56161,0,0,0,0,0,0,0,0,0
0.56158,0,0,0,0,0,0,0,0,0
0.56046,0,0,0,0,0,0,0,0,0
0.56046,0,0,0,0,0,0,0,0,0
0.56046,0,0,0,0,0,0,0,0,0
0.56046,0,0,0,0,0,0,0,0,0
0.56046,0,0,0,0,0,0,0,0,0
0.56046,0,0,0,0,0,0,0,0,0
0.56046,0,0,0,0,0,0,0,0,0
0.56046,0,0,0,0,0,0,0,0,0
0.56046,0,0,0,0,0,0,0,0,0
0.56046,0,0,0,0,0,0,0,0,0
0.56046,0,0,0,0,0,0,0,0,0
0.56046,0,0,0,0,0,0,0,0,0
0.56046,0,0,0,0,0,0,0,0,0
0.56046,0,0,0,0,0,0,0,0,0
0.56046,0,0,0,0,0,0,0,0,0
0.56046,0,0,0,0,0,0,0,0,0
0.56046,0,0,0,0,0,0,0,0,0
0.56222,0,0,0,0,0,0,0,0,0
0.56452,0,0,0,0,0,0,0,0,0
0.56452,0,0,0,0,0,0,0,0,0
0.56594,0,0,0,0,0,0,0,0,0
0.58392,0,0,0,0,0,0,0,0,0
0.58392,0,0,0,0,0,0,0,0,0
0.58392,0,0,0,0,0,0,0,0,0
0.58392,0,0,0,0,0,0,0,0,0
0.58389,0,0,0,0,0,0,0,0,0
0.58353,0,0,0,0,0,0,0,0,0
0.58353,0,0,0,0,0,0,0,0,0
0.58353,0,0,0,0,0,0,0,0,0
0.58353,0,0,0,0,0,0,0,0,0
0.58353,0,0,0,0,0,0,0,0,0
0.58353,0,0,0,0,0,0,0,0,0
0.58353,0,0,0,0,0,0,0,0,0
0.58353,0,0,0,0,0,0,0,0,0
0.58353,0,0,0,0,0,0,0,0,0
0.58353,0,0,0,0,0,0,0,0,0
0.58353,0,0,0,0,0,0,0,0,0
0.58353,0,0,0,0,0,0,0,0,0
0.58353,0,0,0,0,0,0,0,0,0
0.58353,0,0,0,0,0,0,0,0,0
0.5842,0,0,0,0,0,0,0,0,0
0.58552,0,0,0,0,0,0,0,0,0
0.58552,0,0,0,0,0,0,0,0,0
0.58552,0,0,0,0,0,0,0,0,0
0.58552,0,0,0,0,0,0,0,0,0
1.4826,0,0,0,0,0,0,0,0,0
2.0231,0,0,0,0,0,0,0,0,0
1.4718,0,0,0,0,0,0,0,0,0
1.3151,0,0,0,0,0,0,0,0,0
1.2125,0,0,0,0,0,0,0,0,0
1.2125,0,0,0,0,0,0,0,0,0
1.1522,0,0,0,0,0,0,0,0,0
1.1323,0,0,0,0,0,0,0,0,0
1.1317,0,0,0,0,0,0,0,0,0
1.0605,0,0,0,0,0,0,0,0,0
0.9826,0,0,0,0,0,0,0,0,0
0.9826,0,0,0,0,0,0,0,0,0
0.9826,0,0,0,0,0,0,0,0,0
0.9826,0,0,0,0,0,0,0,0,0
0.86866,0,0,0,0,0,0,0,0,0
0.86512,0,0,0,0,0,0,0,0,0
0.86512,0,0,0,0,0,0,0,0,0
0.86512,0,0,0,0,0,0,0,0,0
0.86512,0,0,0,0,0,0,0,0,0
0.87467,0,0,0,0,0,0,0,0,0
0.86094,0,0,0,0,0,0,0,0,0
0.84069,0,0,0,0,0,0,0,0,0
0.84069,0,0,0,0,0,0,0,0,0
0.84069,0,0,0,0,0,0,0,0,0
0.84069,0,0,0,0,0,0,0,0,0
0.84069,0,0,0,0,0,0,0,0,0
0.84069,0,0,0,0,0,0,0,0,0
0.84069,0,0,0,0,0,0,0,0,0
0.8254,0,0,0,0,0,0,0,0,0
0.82307,0,0,0,0,0,0,0,0,0
0.82307,0,0,0,0,0,0,0,0,0
0.82307,0,0,0,0,0,0,0,0,0
0.82307,0,0,0,0,0,0,0,0,0
0.82307,0,0,0,0,0,0,0,0,0
0.82307,0,0,0,0,0,0,0,0,0
0.82307,0,0,0,0,0,0,0,0,0
0.81089,0,0,0,0,0,0,0,0,0
0.79902,0,0,0,0,0,0,0,0,0
0.79902,0,0,0,0,0,0,0,0,0
0.79902,0,0,0,0,0,0,0,0,0
0.79902,0,0,0,0,0,0,0,0,0
0.79902,0,0,0,0,0,0,0,0,0
0.79902,0,0,0,0,0,0,0,0,0
0.79902,0,0,0,0,0,0,0,0,0
0.79902,0,0,0,0,0,0,0,0,0
0.79914,0,0,0,0,0,0,0,0,0
0.77666,0,0,0,0,0,0,0,0,0
0.77666,0,0,0,0,0,0,0,0,0
0.77666,0,0,0,0,0,0,0,0,0
0.77666,0,0,0,0,0,0,0,0,0
0.77666,0,0,0,0,0,0,0,0,0
0.77666,0,0,0,0,0,0,0,0,0
0.77666,0,0,0,0,0,0,0,0,0
0.77666,0,0,0,0,0,0,0,0,0
0.77666,0,0,0,0,0,0,0,0,0
0.77666,0,0,0,0,0,0,0,0,0
0.77355,0,0,0,0,0,0,0,0,0
0.7608,0,0,0,0,0,0,0,0,0
0.7608,0,0,0,0,0,0,0,0,0
0.7608,0,0,0,0,0,0,0,0,0
0.7608,0,0,0,0,0,0,0,0,0
0.7608,0,0,0,0,0,0,0,0,0
0.7608,0,0,0,0,0,0,0,0,0
0.77056,0,0,0,0,0,0,0,0,0
0.78369,0,0,0,0,0,0,0,0,0
0.78369,0,0,0,0,0,0,0,0,0
0.78369,0,0,0,0,0,0,0,0,0
0.78338,0,0,0,0,0,0,0,0,0
0.78293,0,0,0,0,0,0,0,0,0
0.77406,0,0,0,0,0,0,0,0,0
0.77406,0,0,0,0,0,0,0,0,0
0.77916,0,0,0,0,0,0,0,0,0
0.78269,0,0,0,0,0,0,0,0,0
0.78269,0,0,0,0,0,0,0,0,0
0.78269,0,0,0,0,0,0,0,0,0
0.78269,0,0,0,0,0,0,0,0,0
0.78269,0,0,0,0,0,0,0,0,0
0.78269,0,0,0,0,0,0,0,0,0
0.78269,0,0,0,0,0,0,0,0,0
0.78269,0,0,0,0,0,0,0,0,0
0.78269,0,0,0,0,0,0,0,0,0
0.78269,0,0,0,0,0,0,0,0,0
0.77213,0,0,0,0,0,0,0,0,0
0.7721,0,0,0,0,0,0,0,0,0
0.7721,0,0,0,0,0,0,0,0,0
0.7721,0,0,0,0,0,0,0,0,0
0.7721,0,0,0,0,0,0,0,0,0
0.7721,0,0,0,0,0,0,0,0,0
0.7721,0.54736,0,0,0,0,0,0,0,0
0.7721,0.79485,0,0,0,0,0,0,0,0
0.7721,0.79654,0,0,0,0,0,0,0,0
0.7721,0.79804,0,0,0,0,0,0,0,0
0.7721,0.79979,0,0,0,0,0,0,0,0
0.7721,0.80095,0,0,0,0,0,0,0,0
0.7721,0.80227,0,0,0,0,0,0,0,0
0.7721,0.80524,0,0,0,0,0,0,0,0
0.76256,0.80524,0,0,0,0,0,0,0,0
0.76055,0.80805,0,0,0,0,0,0,0,0
0.76562,0.8107,0,0,0,0,0,0,0,0
0.7677,0.8107,0,0,0,0,0,0,0,0
0.76766,0.81209,0,0,0,0,0,0,0,0
0.76766,0.81684,0,0,0,0,0,0,0,0
0.76766,0.81684,0,0,0,0,0,0,0,0
0.76766,0.81684,0,0,0,0,0,0,0,0
0.76766,0.81984,0,0,0,0,0,0,0,0
0.76766,0.82357,0,0,0,0,0,0,0,0
0.76766,0.82357,0,0,0,0,0,0,0,0
0.77469,0.82357,0,0,0,0,0,0,0,0
0.78971,0.82499,0,0,0,0,0,0,0,0
0.78971,0.83139,0,0,0,0,0,0,0,0
0.78971,0.83139,0,0,0,0,0,0,0,0
0.78835,0.83139,0,0,0,0,0,0,0,0
0.78205,0.83139,0,0,0,0,0,0,0,0
10.223,0.83532,0,0,0,0,0,0,0,0
4.8889,0.84028,0,0,0,0,0,0,0,0
3.8536,0.84028,0,0,0,0,0,0,0,0
3.5827,0.84028,0,0,0,0,0,0,0,0
3.1845,0.84028,0,0,0,0,0,0,0,0
2.9256,0.84254,0,0,0,0,0,0,0,0
2.6291,0.84994,0,0,0,0,0,0,0,0
2.5344,0.84994,0,0,0,0,0,0,0,0
2.4098,0.84994,0,0,0,0,0,0,0,0
2.3963,0.84994,0,0,0,0,0,0,0,0
2.3003,0.84994,0,0,0,0,0,0,0,0
2.3003,0.85584,0,0,0,0,0,0,0,0
2.2079,0.86033,0,0,0,0,0,0,0,0
2.1247,0.86033,0,0,0,0,0,0,0,0
2.1247,0.86033,0,0,0,0,0,0,0,0
2.0477,0.86033,0,0,0,0,0,0,0,0
1.9298,0.86033,0,0,0,0,0,0,0,0
1.9298,0.86553,0,0,0,0,0,0,0,0
1.9298,0.87179,0,0,0,0,0,0,0,0
1.8662,0.87179,0,0,0,0,0,0,0,0
1.8236,0.87179,0,0,0,0,0,0,0,0
1.8236,0.87179,0,0,0,0,0,0,0,0
1.8236,0.87179,0,0,0,0,0,0,0,0
1.8097,0.87179,0,0,0,0,0,0,0,0
1.7649,0.88308,0,0,0,0,0,0,0,0
1.7649,0.88432,0,0,0,0,0,0,0,0
1.7649,0.88432,0,0,0,0,0,0,0,0
1.7649,0.88432,0,0,0,0,0,0,0,0
1.7283,0.88432,0,0,0,0,0,0,0,0
1.6799,0.88432,0,0,0,0,0,0,0,0
1.6799,0.88432,0,0,0,0,0,0,0,0
1.6799,0.89667,0,0,0,0,0,0,0,0
1.6799,0.8977,0,0,0,0,0,0,0,0
1.6768,0.8977,0,0,0,0,0,0,0,0
1.5845,0.8977,0,0,0,0,0,0,0,0
1.5818,0.8977,0,0,0,0,0,0,0,0
1.5818,0.8977,0,0,0,0,0,0,0,0
1.5818,0.8977,0,0,0,0,0,0,0,0
1.5824,0.90527,0,0,0,0,0,0,0,0
1.6029,0.91192,0,0,0,0,0,0,0,0
1.5656,0.91192,0,0,0,0,0,0,0,0
1.5522,0.91192,0,0,0,0,0,0,0,0
1.5565,0.91192,0,0,0,0,0,0,0,0
1.5565,0.91192,0,0,0,0,0,0,0,0
1.5565,0.91192,0,0,0,0,0,0,0,0
1.5565,0.91192,0,0,0,0,0,0,0,0
1.5565,0.92327,0,0,0,0,0,0,0,0
1.5351,0.92724,0,0,0,0,0,0,0,0
1.5248,0.92724,0,0,0,0,0,0,0,0
1.5248,0.92724,0,0,0,0,0,0,0,0
1.5248,0.92724,0,0,0,0,0,0,0,0
1.5248,0.92724,0,0,0,0,0,0,0,0
1.5209,0.92724,0,0,0,0,0,0,0,0
1.5187,0.92724,0,0,0,0,0,0,0,0
1.5123,0.9365,0,0,0,0,0,0,0,0
1.4748,0.94367,0,0,0,0,0,0,0,0
1.4748,0.94367,0,0,0,0,0,0,0,0
1.4748,0.94367,0,0,0,0,0,0,0,0
1.4748,0.94367,0,0,0,0,0,0,0,0
1.4748,0.94367,0,0,0,0,0,0,0,0
1.4748,0.94367,0,0,0,0,0,0,0,0
1.4748,0.94367,0,0,0,0,0,0,0,0
1.4748,0.94394,0,0,0,0,0,0,0,0
1.4333,0.96107,0,0,0,0,0,0,0,0
1.4261,0.96107,0,0,0,0,0,0,0,0
1.4261,0.96107,0,0,0,0,0,0,0,0
1.4261,0.96107,0,0,0,0,0,0,0,0
1.4261,0.96107,0,0,0,0,0,0,0,0
1.4261,0.96107,0,0,0,0,0,0,0,0
1.4261,0.96107,0,0,0,0,0,0,0,0
1.4311,0.96107,0,0,0,0,0,0,0,0
1.4388,0.96313,0,0,0,0,0,0,0,0
1.4178,0.97942,0,0,0,0,0,0,0,0
1.4047,0.97942,0,0,0,0,0,0,0,0
1.4047,0.97942,0,0,0,0,0,0,0,0
1.4047,0.97942,0,0,0,0,0,0,0,0
1.4047,0.97942,0,0,0,0,0,0,0,0
1.4047,0.97942,0,0,0,0,0,0,0,0
1.4047,0.97942,0,0,0,0,0,0,0,0
1.4047,0.97942,0,0,0,0,0,0,0,0
1.4047,0.97942,0,0,0,0,0,0,0,0
1.4047,0.99642,0,0,0,0,0,0,0,0
1.3935,0.99896,0,0,0,0,0,0,0,0
1.3992,0.99896,0,0,0,0,0,0,0,0
1.412,0.99896,0,0,0,0,0,0,0,0
1.412,0.99896,0,0,0,0,0,0,0,0
1.412,1.163,0,0,0,0,0,0,0,0
1.412,1.9297,0,0,0,0,0,0,0,0
1.412,1.9315,0,0,0,0,0,0,0,0
1.412,1.9329,0,0,0,0,0,0,0,0
1.4118,1.9402,0,0,0,0,0,0,0,0
1.4117,1.9572,0,0,0,0,0,0,0,0
1.4077,1.9575,0,0,0,0,0,0,0,0
1.3904,1.961,0,0,0,0,0,0,0,0
5.7834,1.961,0,0,0,0,0,0,0,0
4.6242,1.9643,0,0,0,0,0,0,0,0
3.9201,1.9651,0,0,0,0,0,0,0,0
3.5848,1.9663,0,0,0,0,0,0,0,0
3.301,1.9695,0,0,0,0,0,0,0,0
2.9728,1.9695,0,0,0,0,0,0,0,0
2.8222,1.9812,0,0,0,0,0,0,0,0
2.5054,1.9965,0,0,0,0,0,0,0,0
2.5054,1.9965,0,0,0,0,0,0,0,0
2.4487,1.9978,0,0,0,0,0,0,0,0
2.2906,2.0025,0,0,0,0,0,0,0,0
2.2888,2.0025,0,0,0,0,0,0,0,0
2.2888,2.0025,0,0,0,0,0,0,0,0
2.2384,2.0071,0,0,0,0,0,0,0,0
2.2088,2.0089,0,0,0,0,0,0,0,0
2.2088,2.0089,0,0,0,0,0,0,0,0
2.2088,2.0154,0,0,0,0,0,0,0,0
2.1456,2.0381,0,0,0,0,0,0,0,0
2.1079,2.0389,0,0,0,0,0,0,0,0
2.1079,2.0389,0,0,0,0,0,0,0,0
2.1079,2.0389,0,0,0,0,0,0,0,0
2.0978,2.0448,0,0,0,0,0,0,0,0
1.9815,2.0467,0,0,0,0,0,0,0,0
1.9766,2.0467,0,0,0,0,0,0,0,0
1.9766,2.0467,0,0,0,0,0,0,0,0
1.9766,2.0495,0,0,0,0,0,0,0,0
1.9766,2.0553,0,0,0,0,0,0,0,0
1.9254,2.0762,0,0,0,0,0,0,0,0
1.9076,2.0796,0,0,0,0,0,0,0,0
1.9076,2.0796,0,0,0,0,0,0,0,0
1.9076,2.0851,0,0,0,0,0,0,0,0
1.9076,2.0889,0,0,0,0,0,0,0,0
1.9076,2.0889,0,0,0,0,0,0,0,0
1.8753,2.0889,0,0,0,0,0,0,0,0
1.8866,2.0889,0,0,0,0,0,0,0,0
1.8848,2.0946,0,0,0,0,0,0,0,0
1.8942,2.0987,0,0,0,0,0,0,0,0
1.8942,2.1036,0,0,0,0,0,0,0,0
1.8942,2.1244,0,0,0,0,0,0,0,0
1.8808,2.1244,0,0,0,0,0,0,0,0
1.846,2.1275,0,0,0,0,0,0,0,0
1.846,2.1352,0,0,0,0,0,0,0,0
1.846,2.1352,0,0,0,0,0,0,0,0
1.846,2.1352,0,0,0,0,0,0,0,0
1.846,2.1352,0,0,0,0,0,0,0,0
1.8456,2.1352,0,0,0,0,0,0,0,0
1.8344,2.1436,0,0,0,0,0,0,0,0
1.7924,2.1469,0,0,0,0,0,0,0,0
1.7872,2.1548,0,0,0,0,0,0,0,0
1.7826,2.1739,0,0,0,0,0,0,0,0
1.7826,2.1739,0,0,0,0,0,0,0,0
1.7826,2.1739,0,0,0,0,0,0,0,0
1.7826,2.1849,0,0,0,0,0,0,0,0
1.7826,2.1863,0,0,0,0,0,0,0,0
1.7753,2.1863,0,0,0,0,0,0,0,0
1.7478,2.1863,0,0,0,0,0,0,0,0
1.7478,2.1863,0,0,0,0,0,0,0,0
1.7478,2.1863,0,0,0,0,0,0,0,0
1.7478,2.1969,0,0,0,0,0,0,0,0
1.7478,2.2048,0,0,0,0,0,0,0,0
1.7478,2.2279,0,0,0,0,0,0,0,0
1.7478,2.2279,0,0,0,0,0,0,0,0
1.742,4.6394,0,0,0,0,0,0,0,0
1.722,3.6517,0,0,0,0,0,0,0,0
1.7112,3.2804,0,0,0,0,0,0,0,0
1.7112,3.081,0,0,0,0,0,0,0,0
1.7194,2.9759,0,0,0,0,0,0,0,0
1.7246,2.8957,0,0,0,0,0,0,0,0
1.7246,2.8674,0,0,0,0,0,0,0,0
1.7246,2.7784,0,0,0,0,0,0,0,0
1.7236,2.7784,0,0,0,0,0,0,0,0
1.722,2.7864,0,0,0,0,0,0,0,0
1.7128,2.7428,0,0,0,0,0,0,0,0
1.6952,2.7428,0,0,0,0,0,0,0,0
1.6952,2.7387,0,0,0,0,0,0,0,0
1.6952,2.6837,0,0,0,0,0,0,0,0
1.6952,2.6837,0,0,0,0,0,0,0,0
1.6924,2.686,0,0,0,0,0,0,0,0
1.7058,2.6892,0,0,0,0,0,0,0,0
1.7156,2.6548,0,0,0,0,0,0,0,0
1.7156,2.6548,0,0,0,0,0,0,0,0
1.7156,2.6548,0,0,0,0,0,0,0,0
1.7046,2.6686,0,0,0,0,0,0,0,0
1.6884,2.6541,0,0,0,0,0,0,0,0
1.6884,2.6536,0,0,0,0,0,0,0,0
1.6884,2.6682,0,0,0,0,0,0,0,0
1.6884,2.6682,0,0,0,0,0,0,0,0
1.6884,2.6652,0,0,0,0,0,0,0,0
1.6884,2.6397,0,0,0,0,0,0,0,0
1.6884,2.6397,0,0,0,0,0,0,0,0
1.6884,2.6397,0,0,0,0,0,0,0,0
1.6884,2.6397,0,0,0,0,0,0,0,0
1.689,2.6573,0,0,0,0,0,0,0,0
1.6786,2.6387,0,0,0,0,0,0,0,0
1.6707,2.6625,0,0,0,0,0,0,0,0
1.6707,2.668,0,0,0,0,0,0,0,0
1.6695,2.668,0,0,0,0,0,0,0,0
1.6846,2.668,0,0,0,0,0,0,0,0
1.6858,2.6664,0.56061,0,0,0,0,0,0,0
1.6858,2.6599,2.4484,0,0,0,0,0,0,0
1.6858,2.6679,2.4554,0,0,0,0,0,0,0
1.6858,3.5634,2.4627,0,0,0,0,0,0,0
1.6858,3.976,2.4706,0,0,0,0,0,0,0
1.6858,3.9773,2.4774,0,0,0,0,0,0,0
1.6849,3.9789,2.4868,0,0,0,0,0,0,0
1.671,3.9698,2.4944,0,0,0,0,0,0,0
1.671,4.0015,2.4991,0,0,0,0,0,0,0
1.671,4.0231,2.5119,0,0,0,0,0,0,0
1.6708,4.0242,2.5135,0,0,0,0,0,0,0
1.6706,4.0262,2.5293,0,0,0,0,0,0,0
1.6705,4.028,2.5299,0,0,0,0,0,0,0
1.6702,4.0261,2.545,0,0,0,0,0,0,0
1.6702,4.0176,2.5478,0,0,0,0,0,0,0
1.6702,4.0189,2.5583,0,0,0,0,0,0,0
1.6702,4.0285,2.5671,0,0,0,0,0,0,0
1.6702,4.0447,2.5684,0,0,0,0,0,0,0
1.6702,8.5591,2.5885,0,0,0,0,0,0,0
1.6556,6.6947,2.5885,0,0,0,0,0,0,0
1.6542,5.9449,2.5979,0,0,0,0,0,0,0
1.6542,5.6113,2.612,0,0,0,0,0,0,0
1.6542,5.4812,2.612,0,0,0,0,0,0,0
1.6542,5.2676,2.6264,0,0,0,0,0,0,0
1.6665,5.2461,2.6372,0,0,0,0,0,0,0
1.6756,5.1145,2.6372,0,0,0,0,0,0,0
1.6751,5.1176,2.6526,0,0,0,0,0,0,0
1.673,5.004,2.6641,0,0,0,0,0,0,0
1.673,4.981,2.6641,0,0,0,0,0,0,0
1.6768,4.9605,2.6762,0,0,0,0,0,0,0
1.6888,4.8833,2.6932,0,0,0,0,0,0,0
1.6885,4.8987,2.6932,0,0,0,0,0,0,0
1.6724,4.9237,2.6965,0,0,0,0,0,0,0
1.6724,4.8755,2.7246,0,0,0,0,0,0,0
1.6724,4.8755,2.7246,0,0,0,0,0,0,0
1.6724,4.878,2.7246,0,0,0,0,0,0,0
1.6724,4.8225,2.7462,0,0,0,0,0,0,0
1.6724,4.8104,2.7581,0,0,0,0,0,0,0
1.6724,4.8104,2.7581,0,0,0,0,0,0,0
1.6724,4.8106,2.7595,0,0,0,0,0,0,0
1.6724,4.7775,2.7936,0,0,0,0,0,0,0
1.6724,4.7929,2.7936,0,0,0,0,0,0,0
1.6724,4.7969,2.7936,0,0,0,0,0,0,0
1.6736,4.8148,3.3381,0,0,0,0,0,0,0
1.6758,4.7956,5.3029,0,0,0,0,0,0,0
1.6727,4.7916,5.3117,0,0,0,0,0,0,0
1.6635,4.7997,5.3209,0,0,0,0,0,0,0
1.6635,4.8025,5.3484,0,0,0,0,0,0,0
1.6635,4.7786,5.3805,0,0,0,0,0,0,0
1.6635,4.793,5.3894,0,0,0,0,0,0,0
1.6635,4.8041,5.3975,0,0,0,0,0,0,0
1.6635,4.8048,5.4304,0,0,0,0,0,0,0
1.6616,4.8,5.4625,0,0,0,0,0,0,0
1.661,4.7665,5.4694,0,0,0,0,0,0,0
1.661,4.778,5.4848,0,0,0,0,0,0,0
1.661,4.7978,5.5054,0,0,0,0,0,0,0
1.661,4.8216,5.5498,0,0,0,0,0,0,0
1.661,4.8442,5.5565,0,0,0,0,0,0,0
1.661,4.8369,5.57,0,0,0,0,0,0,0
1.661,4.8374,5.5844,0,0,0,0,0,0,0
1.6618,4.8374,5.6401,0,0,0,0,0,0,0
1.6751,4.8374,5.6457,0,0,0,0,0,0,0
1.6751,4.8438,5.6632,0,0,0,0,0,0,0
1.6751,4.8231,5.6639,0,0,0,0,0,0,0
1.6751,4.8216,5.7316,0,0,0,0,0,0,0
1.6751,4.8402,5.7399,0,0,0,0,0,0,0
1.6751,4.8615,5.7589,0,0,0,0,0,0,0
1.6751,4.8909,5.7671,0,0,0,0,0,0,0
1.6905,4.9075,5.7991,0,0,0,0,0,0,0
1.7014,4.8943,5.8506,0,0,0,0,0,0,0
1.7014,4.8964,5.8506,0,0,0,0,0,0,0
1.7014,9.8858,5.8732,0,0,0,0,0,0,0
1.7014,12.201,5.8814,0,0,0,0,0,0,0
1.7014,9.268,5.9408,0,0,0,0,0,0,0
1.7014,8.3539,11.087,2.2552,0,0,0,0,0,0
1.6948,7.8559,8.0787,5.222,0,0,0,0,0,0
1.6914,7.5609,7.629,5.249,0,0,0,0,0,0
1.6914,7.2689,7.4273,5.2785,0,0,0,0,0,0
1.6956,7.0903,7.2972,5.3069,0,0,0,0,0,0
1.6981,7.0195,7.1724,5.3356,0,0,0,0,0,0
1.6976,6.8581,7.1285,5.3648,0,0,0,0,0,0
1.6965,6.8272,7.0497,5.3931,0,0,0,0,0,0
1.6965,6.68,7.0695,5.4243,0,0,0,0,0,0
1.6965,6.6875,7.0576,5.459,0,0,0,0,0,0
1.6965,6.5714,7.0039,5.4877,0,0,0,0,0,0
1.6965,6.5654,7.0098,5.5137,0,0,0,0,0,0
1.6965,6.4973,8.6808,5.5534,0,0,0,0,0,0
1.6965,6.4289,10.043,5.5858,0,0,0,0,0,0
1.6965,6.4246,10.076,5.6073,0,0,0,0,0,0
1.6965,6.3418,10.066,5.6569,0,0,0,0,0,0
1.6965,6.3604,10.082,5.682,0,0,0,0,0,0
1.6975,6.3811,10.123,5.715,0,0,0,0,0,0
1.7042,6.3465,10.19,5.7589,0,0,0,0,0,0
1.7042,6.3397,10.203,5.777,0,0,0,0,0,0
1.7042,6.3188,10.206,5.8373,0,0,0,0,0,0
1.7042,6.2815,18.032,7.5199,0,0,0,0,0,0
1.7085,6.2815,14.523,11.018,0,0,0,0,0,0
1.709,6.2532,13.436,11.064,0,0,0,0,0,0
1.709,6.2142,12.954,11.168,0,0,0,0,0,0
57.393,6.2747,12.657,11.213,0,0,0,0,0,0
16.861,6.2633,12.399,11.323,0,0,0,0,0,0
33.781,6.2078,12.387,11.371,0,0,0,0,0,0
16.966,6.2058,12.303,11.486,0,0,0,0,0,0
12.223,6.2457,12.2,11.527,0,0,0,0,0,0
10.866,6.2495,12.141,11.657,0,0,0,0,0,0
9.7908,6.238,12.146,11.698,0,0,0,0,0,0
9.0389,6.238,12.145,11.823,8.0922,0,0,0,0,0
8.5537,6.2367,12.138,11.888,9.4752,0,0,0,0,0
8.1465,6.2284,12.15,12.003,9.5611,0,0,0,0,0
7.7144,9.145,12.125,12.077,9.6526,0,0,0,0,0
7.4935,11.405,12.124,12.17,9.7333,0,0,0,0,0
7.1675,11.208,12.234,19.669,9.8361,0,0,0,0,0
6.8834,11.029,12.241,15.497,9.9267,0,0,0,0,0
6.8038,10.91,12.215,14.875,10.021,0,0,0,0,0
6.3822,10.814,12.253,14.56,10.12,0,0,0,0,0
6.2141,10.745,12.332,14.503,10.223,0,0,0,0,0
6.2078,10.685,25.427,16.195,10.329,0,0,0,0,0
5.9928,10.616,21.445,20.369,10.438,0,0,0,0,0
5.7762,10.559,18.666,20.473,19.221,0,0,0,0,0
5.7724,10.51,17.604,20.539,19.862,0,0,0,0,0
5.6428,10.441,16.965,20.705,20.09,0,0,0,0,0
5.5508,10.394,16.584,29.926,20.328,2.5189,0,0,0,0
5.4773,10.346,16.322,27.859,20.574,15.383,0,0,0,0
5.4227,10.303,16.037,25.839,20.826,15.6,0,0,0,0
5.4045,27.674,15.898,25.128,21.116,15.831,0,0,0,0
5.2999,30.288,15.885,24.792,21.381,16.064,0,0,0,0
5.1895,22.658,15.744,24.621,25.813,16.306,0,0,0,0
5.1422,19.981,15.633,24.602,28.664,16.563,0,0,0,0
5.1422,18.427,17.415,24.578,26.188,16.842,0,0,0,0
5.0895,17.494,23.146,24.704,26.443,28.797,0,0,0,0
4.9546,16.769,23.228,24.761,36.131,32.422,11.622,0,0,0
4.8749,16.142,23.252,27.699,36.336,33.019,23.616,0,0,0
4.8653,15.696,23.368,47.745,45.286,33.659,24.129,0,0,0
4.823,15.374,23.333,35.63,48.21,34.37,24.674,0,0,0
4.7658,15.1,23.488,33.561,44.448,42.327,25.25,0,0,0
4.7144,14.836,23.694,32.433,43.601,43.299,39.757,11.098,0,0
4.6798,14.578,23.814,31.978,43.494,48.746,49.423,34.157,0,0
4.6254,14.363,55.47,36.414,43.728,58.688,50.854,35.226,0,0
4.6254,14.256,49.565,45.125,62.846,77.595,52.415,36.427,2.7622,0
4.6217,14.179,41.366,45.545,64.259,71.65,69.798,68.128,47.187,0
4.5478,14.047,38.247,45.956,57.905,70.215,81.794,73.025,49.255,0
4.5478,13.953,36.414,46.701,60.955,70.684,110.49,88.282,78.63,56.3
4.5361,13.853,35.437,96.57,78.929,113.83,106.91,110.5,101.33,70.097
4.4992,13.821,34.649,81.249,80.357,94.381,124.56,158.13,134.67,133.01
4.4943,13.724,34.362,72.263,136.7,126.97,147.32,159.51,207.6,180.35
4.4727,13.681,34.112,69.276,133.69,191.01,184.77,226.74,253.72,284.08
4.3885,13.629,34.006,68.441,121.45,205.39,315.18,373.73,405.87,432.24
4.3785,13.53,33.941,68.501,121.2,195.89,297.41,433.24,620.35,914.02
4.3585,13.569,34.267,70.065,127.22,221.93,371.07,439.19,517.03,617.6
4.3368,13.611,34.576,72.428,146.03,232.32,213.4,338.28,416.63,497.92
4.338,13.654,34.981,77.172,173.58,141.14,231.71,262.49,383.56,351.72
4.3409,13.669,35.521,87.089,84.764,139.41,209.2,322.98,316.82,13.842
4.2953,13.618,36.438,134.03,87.88,192.7,171.28,166.54,10.554,5.5064
4.3126,13.705,37.589,47.133,87.646,120.79,238.52,199.99,7.8578,4.0497
4.2838,13.705,39.178,47.93,88.264,102.76,109.71,7.6144,3.3418,0
4.2773,13.739,41.583,48.756,109.13,125.83,198.29,7.312,3.2048,0
4.2608,13.759,45.401,49.682,125.49,190.33,55.416,2.5139,0.36644,0
4.2191,13.865,54.702,51.422,57.776,66.683,5.3153,2.3979,0,0
4.2046,13.954,72.671,49.565,62.18,78.255,5.1673,2.3268,0,0
4.1694,14.081,23.284,48.749,68.628,112.06,4.0995,0.89337,0,0
4.2009,14.14,23.307,52.655,78.967,123.2,1.7234,0,0,0
4.2531,14.273,23.553,59.811,105.77,3.6061,1.6867,0,0,0
4.2868,14.429,23.816,77.915,110.43,3.5359,1.6511,0,0,0
4.1203,14.619,23.913,75.362,40.858,3.4693,1.6182,0,0,0
3.8167,14.746,24.244,32.069,45.538,3.4086,0.90361,0,0,0
3.4713,14.964,24.407,33.247,50.169,3.199,0,0,0,0
3.4365,15.246,24.856,34.784,61.146,1.1582,0,0,0,0
3.4381,15.525,25.247,36.302,96.99,1.1397,0,0,0,0
3.4454,15.844,25.559,38.716,78.784,1.1239,0,0,0,0
3.4561,16.206,26.042,41.146,2.2639,1.1084,0,0,0,0
3.4555,16.66,26.018,45.401,2.2343,1.0936,0,0,0,0
3.4546,17.261,23.847,51.293,2.208,1.0791,0,0,0,0
3.4546,18.203,24.856,63.784,2.1814,1.0654,0,0,0,0
3.4395,19.354,25.722,99.24,2.1577,0.26399,0,0,0,0
3.4163,20.995,27.12,22.199,2.1343,0,0,0,0,0
3.4167,24.127,28.95,23.131,2.1113,0,0,0,0,0
3.4167,34.098,31.104,24.302,2.0891,0,0,0,0,0
3.4167,26.676,34.955,25.799,1.0318,0,0,0,0,0
3.4167,9.155,44.071,27.763,0.7205,0,0,0,0,0
3.4165,9.1398,57.894,29.185,0.71394,0,0,0,0,0
3.4139,9.2029,15.655,32.312,0.70758,0,0,0,0,0
3.3967,9.2996,15.823,37.76,0.70151,0,0,0,0,0
3.3651,9.2716,16.416,48.203,0.69571,0,0,0,0,0
3.3827,9.3419,16.425,87.915,0.69015,0,0,0,0,0
3.3846,9.3485,16.92,36.506,0.68427,0,0,0,0,0
3.3846,9.4344,17.141,1.3001,0.67899,0,0,0,0,0
3.3846,9.41,17.843,1.2914,0.67348,0,0,0,0,0
3.3976,9.408,17.882,1.2807,0.66844,0,0,0,0,0
3.4049,9.4907,18.61,1.2752,0.66012,0,0,0,0,0
3.414,9.5882,19.127,1.264,0,0,0,0,0,0
3.3944,9.5701,19.761,1.2584,0,0,0,0,0,0
3.3851,9.5578,20.298,1.2484,0,0,0,0,0,0
3.3851,9.5992,21.113,1.2421,0,0,0,0,0,0
3.3851,9.724,22.367,1.233,0,0,0,0,0,0
3.3851,9.7624,23.269,1.2266,0,0,0,0,0,0
3.3861,9.8347,24.808,1.2184,0,0,0,0,0,0
3.4154,9.9497,26.786,1.2123,0,0,0,0,0,0
3.4404,9.9942,29.539,1.204,0,0,0,0,0,0
3.4428,9.9808,34.447,1.1982,0,0,0,0,0,0
3.4297,9.9799,46.188,1.1904,0,0,0,0,0,0
3.419,10.152,55.026,0.46755,0,0,0,0,0,0
3.4182,10.145,11.117,0.41464,0,0,0,0,0,0
3.4171,10.229,11.279,0.41391,0,0,0,0,0,0
3.4388,10.405,11.316,0.41071,0,0,0,0,0,0
3.4409,10.547,12.025,0.40949,0,0,0,0,0,0
3.4522,10.534,12.017,0.40738,0,0,0,0,0,0
3.4648,10.647,12.504,0.40519,0,0,0,0,0,0
3.4648,10.777,12.902,0.40393,0,0,0,0,0,0
3.4586,10.775,13.129,0.40146,0,0,0,0,0,0
3.4419,11.011,13.953,0.39981,0,0,0,0,0,0
3.456,11.172,14.056,0.39831,0,0,0,0,0,0
3.459,11.162,15.23,0.39636,0,0,0,0,0,0
3.459,11.375,15.037,0.3944,0,0,0,0,0,0
3.4781,11.206,15.916,0.39286,0,0,0,0,0,0
3.483,10.477,16.69,0.39123,0,0,0,0,0,0
3.483,10.959,17.939,0.38955,0,0,0,0,0,0
3.483,11.038,20.136,0.38788,0,0,0,0,0,0
3.5108,11.327,22.302,0.38633,0,0,0,0,0,0
3.5082,11.56,25.895,0.38474,0,0,0,0,0,0
3.4969,11.78,32.552,0.3831,0,0,0,0,0,0
3.4941,12.199,51.315,0.28192,0,0,0,0,0,0
3.4926,12.51,44.882,0,0,0,0,0,0,0
3.4926,13.171,0.65958,0,0,0,0,0,0,0
3.5031,13.838,0.65665,0,0,0,0,0,0,0
3.5611,14.423,0.65665,0,0,0,0,0,0,0
3.5758,15.831,0.65379,0,0,0,0,0,0,0
3.5758,17.362,0.65211,0,0,0,0,0,0,0
3.5758,20.121,0.64963,0,0,0,0,0,0,0
3.5699,29.113,0.64638,0,0,0,0,0,0,0
3.5581,24.758,0.64638,0,0,0,0,0,0,0
3.56,6.3999,0.64444,0,0,0,0,0,0,0
3.6114,6.3942,0.64086,0,0,0,0,0,0,0
3.6114,6.3935,0.63992,0,0,0,0,0,0,0
3.6114,6.5858,0.63723,0,0,0,0,0,0,0
3.6108,6.7267,0.63723,0,0,0,0,0,0,0
3.6107,6.7241,0.63369,0,0,0,0,0,0,0
3.6107,6.7203,0.6319,0,0,0,0,0,0,0
3.633,6.7203,0.63021,0,0,0,0,0,0,0
3.6591,6.7203,0.6292,0,0,0,0,0,0,0
3.6771,6.9006,0.6273,0,0,0,0,0,0,0
3.6744,6.9341,0.62441,0,0,0,0,0,0,0
3.6839,6.9299,0.62305,0,0,0,0,0,0,0
3.6931,7.0589,0.62213,0,0,0,0,0,0,0
3.7264,7.0839,0.62036,0,0,0,0,0,0,0
3.7976,7.2413,0.61779,0,0,0,0,0,0,0
3.7976,7.3356,0.61605,0,0,0,0,0,0,0
3.7976,7.3315,0.61514,0,0,0,0,0,0,0
3.7976,7.3315,0.61402,0,0,0,0,0,0,0
3.7976,7.3304,0.61077,0,0,0,0,0,0,0
3.7962,7.5433,0.60972,0,0,0,0,0,0,0
3.9007,7.6362,0.60869,0,0,0,0,0,0,0
3.9053,7.7881,0.60728,0,0,0,0,0,0,0
3.9053,7.787,0.60456,0,0,0,0,0,0,0
3.9053,7.8421,0.60354,0,0,0,0,0,0,0
3.9053,8.1328,0.23159,0,0,0,0,0,0,0
3.9326,8.1301,0.2128,0,0,0,0,0,0,0
4.012,8.1278,0.21172,0,0,0,0,0,0,0
4.012,8.1257,0.21172,0,0,0,0,0,0,0
4.0132,8.5026,0.21172,0,0,0,0,0,0,0
4.0394,8.6735,0.2105,0,0,0,0,0,0,0
4.0377,8.7242,0.21007,0,0,0,0,0,0,0
4.1026,8.7309,0.21007,0,0,0,0,0,0,0
4.1119,9.2212,0.2097,0,0,0,0,0,0,0
4.1118,9.2209,0.20854,0,0,0,0,0,0,0
4.1118,9.2185,0.20854,0,0,0,0,0,0,0
4.1118,9.4964,0.20854,0,0,0,0,0,0,0
4.2297,9.8279,0.20727,0,0,0,0,0,0,0
4.28,9.9851,0.20712,0,0,0,0,0,0,0
4.28,10.243,0.20712,0,0,0,0,0,0,0
4.28,10.822,0.20621,0,0,0,0,0,0,0
4.28,10.821,0.20581,0,0,0,0,0,0,0
4.5614,11.241,0.20581,0,0,0,0,0,0,0
4.5913,11.841,0.20501,0,0,0,0,0,0,0
4.5892,11.839,0.2046,0,0,0,0,0,0,0
4.5892,13.17,0.2046,0,0,0,0,0,0,0
4.7808,13.47,0.2037,0,0,0,0,0,0,0
4.853,15.139,0.20346,0,0,0,0,0,0,0
4.863,15.804,0.20336,0,0,0,0,0,0,0
4.8699,18.634,0.20243,0,0,0,0,0,0,0
5.048,22.935,0.20243,0,0,0,0,0,0,0
5.0823,46.986,0.2019,0,0,0,0,0,0,0
5.0823,4.4207,0.20151,0,0,0,0,0,0,0
5.3366,4.6919,0.2013,0,0,0,0,0,0,0
5.5784,4.6984,0.20066,0,0,0,0,0,0,0
5.5719,4.6984,0.20058,0,0,0,0,0,0,0
6.252,4.6964,0.19988,0,0,0,0,0,0,0
6.8549,4.6954,0.19977,0,0,0,0,0,0,0
7.5174,4.6952,0.19919,0,0,0,0,0,0,0
8.4619,4.7701,0.19896,0,0,0,0,0,0,0
9.2016,5.0179,0.19862,0,0,0,0,0,0,0
10.718,5.0179,0.19818,0,0,0,0,0,0,0
16.446,5.0157,0.19786,0,0,0,0,0,0,0
2.4685,5.0141,0.19749,0,0,0,0,0,0,0
2.5,5.0132,0.19714,0,0,0,0,0,0,0
2.5022,5.0132,0.19682,0,0,0,0,0,0,0
2.495,5.3725,0.060669,0,0,0,0,0,0,0
2.4929,5.3943,0,0,0,0,0,0,0,0
2.4929,5.3943,0,0,0,0,0,0,0,0
2.4929,5.3934,0,0,0,0,0,0,0,0
2.4923,5.39,0,0,0,0,0,0,0,0
2.5083,5.4363,0,0,0,0,0,0,0,0
2.5182,5.8433,0,0,0,0,0,0,0,0
2.5182,5.8426,0,0,0,0,0,0,0,0
2.5182,5.8425,0,0,0,0,0,0,0,0
2.5182,5.8408,0,0,0,0,0,0,0,0
2.5161,5.8408,0,0,0,0,0,0,0,0
2.514,6.2453,0,0,0,0,0,0,0,0
2.5048,6.3882,0,0,0,0,0,0,0,0
2.5048,6.3872,0,0,0,0,0,0,0,0
2.5225,6.3867,0,0,0,0,0,0,0,0
2.5358,6.3858,0,0,0,0,0,0,0,0
2.5358,6.961,0,0,0,0,0,0,0,0
2.5357,7.0632,0,0,0,0,0,0,0,0
2.5357,7.0625,0,0,0,0,0,0,0,0
2.5357,7.0618,0,0,0,0,0,0,0,0
2.5357,7.4446,0,0,0,0,0,0,0,0
2.5357,7.7287,0,0,0,0,0,0,0,0
2.5357,7.5604,0,0,0,0,0,0,0,0
2.5333,7.5604,0,0,0,0,0,0,0,0
2.5326,8.1725,0,0,0,0,0,0,0,0
2.5639,8.6856,0,0,0,0,0,0,0,0
2.5639,8.6856,0,0,0,0,0,0,0,0
2.5639,8.9084,0,0,0,0,0,0,0,0
2.5639,10.215,0,0,0,0,0,0,0,0
2.5639,10.215,0,0,0,0,0,0,0,0
2.5876,10.787,0,0,0,0,0,0,0,0
2.6069,12.427,0,0,0,0,0,0,0,0
2.6045,12.427,0,0,0,0,0,0,0,0
2.6239,15.519,0,0,0,0,0,0,0,0
2.6368,16.163,0,0,0,0,0,0,0,0
2.6345,22.161,0,0,0,0,0,0,0,0
2.6322,32.634,0,0,0,0,0,0,0,0
2.6321,32.066,0,0,0,0,0,0,0,0
2.6314,0.27816,0,0,0,0,0,0,0,0
2.6314,0.27783,0,0,0,0,0,0,0,0
2.6314,0.27718,0,0,0,0,0,0,0,0
2.6314,0.27718,0,0,0,0,0,0,0,0
2.6314,0.27597,0,0,0,0,0,0,0,0
2.6314,0.27571,0,0,0,0,0,0,0,0
2.6314,0.27571,0,0,0,0,0,0,0,0
2.6367,0.27571,0,0,0,0,0,0,0,0
2.6896,0.27571,0,0,0,0,0,0,0,0
2.6848,0.27571,0,0,0,0,0,0,0,0
2.6834,0.27571,0,0,0,0,0,0,0,0
2.6834,0.27456,0,0,0,0,0,0,0,0
2.6834,0.27432,0,0,0,0,0,0,0,0
2.6834,0.27342,0,0,0,0,0,0,0,0
2.6834,0.27342,0,0,0,0,0,0,0,0
2.6834,0.27342,0,0,0,0,0,0,0,0
2.6825,0.27342,0,0,0,0,0,0,0,0
2.681,0.2733,0,0,0,0,0,0,0,0
2.681,0.27213,0,0,0,0,0,0,0,0
2.681,0.27213,0,0,0,0,0,0,0,0
2.6801,0.27213,0,0,0,0,0,0,0,0
2.6733,0.27213,0,0,0,0,0,0,0,0
2.7082,0.27213,0,0,0,0,0,0,0,0
2.7686,0.27213,0,0,0,0,0,0,0,0
2.7683,0.27062,0,0,0,0,0,0,0,0
2.7714,0.27007,0,0,0,0,0,0,0,0
2.8023,0.27007,0,0,0,0,0,0,0,0
2.8023,0.27007,0,0,0,0,0,0,0,0
2.8023,0.27007,0,0,0,0,0,0,0,0
2.8023,0.27007,0,0,0,0,0,0,0,0
2.8023,0.26963,0,0,0,0,0,0,0,0
2.8023,0.26896,0,0,0,0,0,0,0,0
2.8,0.26896,0,0,0,0,0,0,0,0
2.7972,0.26896,0,0,0,0,0,0,0,0
2.797,0.26896,0,0,0,0,0,0,0,0
2.797,0.26816,0,0,0,0,0,0,0,0
2.8133,0.26768,0,0,0,0,0,0,0,0
2.8464,0.26714,0,0,0,0,0,0,0,0
2.8464,0.26714,0,0,0,0,0,0,0,0
2.8451,0.26714,0,0,0,0,0,0,0,0
2.8449,0.26714,0,0,0,0,0,0,0,0
2.8449,0.26714,0,0,0,0,0,0,0,0
2.8449,0.26634,0,0,0,0,0,0,0,0
2.8449,0.26619,0,0,0,0,0,0,0,0
2.8426,0.26619,0,0,0,0,0,0,0,0
2.8426,0.26594,0,0,0,0,0,0,0,0
2.8426,0.26543,0,0,0,0,0,0,0,0
2.8426,0.26498,0,0,0,0,0,0,0,0
2.8434,0.26455,0,0,0,0,0,0,0,0
2.8819,0.26455,0,0,0,0,0,0,0,0
2.9374,0.26455,0,0,0,0,0,0,0,0
2.9547,0.26455,0,0,0,0,0,0,0,0
2.9547,0.26415,0,0,0,0,0,0,0,0
2.9547,0.26375,0,0,0,0,0,0,0,0
2.9547,0.26375,0,0,0,0,0,0,0,0
2.9512,0.26375,0,0,0,0,0,0,0,0
2.9504,0.26309,0,0,0,0,0,0,0,0
2.9504,0.26245,0,0,0,0,0,0,0,0
2.9504,0.26232,0,0,0,0,0,0,0,0
2.9504,0.26232,0,0,0,0,0,0,0,0
2.9504,0.26232,0,0,0,0,0,0,0,0
2.9497,0.26201,0,0,0,0,0,0,0,0
2.9484,0.26166,0,0,0,0,0,0,0,0
3.0481,0.26166,0,0,0,0,0,0,0,0
3.0883,0.26166,0,0,0,0,0,0,0,0
3.0949,0.26137,0,0,0,0,0,0,0,0
3.0895,0.26051,0,0,0,0,0,0,0,0
3.0882,0.26038,0,0,0,0,0,0,0,0
3.0879,0.26038,0,0,0,0,0,0,0,0
3.0879,0.25993,0,0,0,0,0,0,0,0
3.0878,0.25985,0,0,0,0,0,0,0,0
3.0878,0.25985,0,0,0,0,0,0,0,0
3.0878,0.2596,0,0,0,0,0,0,0,0
3.0878,0.25941,0,0,0,0,0,0,0,0
3.1213,0.25941,0,0,0,0,0,0,0,0
3.2203,0.25914,0,0,0,0,0,0,0,0
3.22,0.25838,0,0,0,0,0,0,0,0
3.217,0.25833,0,0,0,0,0,0,0,0
3.217,0.25801,0,0,0,0,0,0,0,0
3.217,0.25801,0,0,0,0,0,0,0,0
3.217,0.25772,0,0,0,0,0,0,0,0
3.217,0.25767,0,0,0,0,0,0,0,0
3.217,0.25753,0,0,0,0,0,0,0,0
3.217,0.25738,0,0,0,0,0,0,0,0
3.2152,0.24928,0,0,0,0,0,0,0,0
3.2229,0.091657,0,0,0,0,0,0,0,0
3.2993,0.091366,0,0,0,0,0,0,0,0
3.2993,0.091366,0,0,0,0,0,0,0,0
3.2992,0.091366,0,0,0,0,0,0,0,0
3.2992,0.091366,0,0,0,0,0,0,0,0
3.2992,0.091366,0,0,0,0,0,0,0,0
3.2992,0.091366,0,0,0,0,0,0,0,0
3.2992,0.091366,0,0,0,0,0,0,0,0
3.2992,0.091366,0,0,0,0,0,0,0,0
3.2992,0.091182,0,0,0,0,0,0,0,0
3.2992,0.090823,0,0,0,0,0,0,0,0
3.3914,0.090823,0,0,0,0,0,0,0,0
3.4418,0.090823,0,0,0,0,0,0,0,0
3.4408,0.090823,0,0,0,0,0,0,0,0
3.4776,0.090823,0,0,0,0,0,0,0,0
3.4893,0.090823,0,0,0,0,0,0,0,0
3.5241,0.090823,0,0,0,0,0,0,0,0
3.5385,0.090823,0,0,0,0,0,0,0,0
3.5385,0.09055,0,0,0,0,0,0,0,0
3.5385,0.090315,0,0,0,0,0,0,0,0
3.5624,0.090315,0,0,0,0,0,0,0,0
3.7803,0.090315,0,0,0,0,0,0,0,0
3.7733,0.090315,0,0,0,0,0,0,0,0
3.7733,0.090315,0,0,0,0,0,0,0,0
3.7733,0.090315,0,0,0,0,0,0,0,0
3.7733,0.090315,0,0,0,0,0,0,0,0
3.7733,0.090264,0,0,0,0,0,0,0,0
3.7733,0.089844,0,0,0,0,0,0,0,0
3.7733,0.089844,0,0,0,0,0,0,0,0
3.9399,0.089844,0,0,0,0,0,0,0,0
3.9752,0.089844,0,0,0,0,0,0,0,0
3.9736,0.089844,0,0,0,0,0,0,0,0
3.9732,0.089844,0,0,0,0,0,0,0,0
3.9732,0.089844,0,0,0,0,0,0,0,0
3.9732,0.089814,0,0,0,0,0,0,0,0
3.9732,0.089413,0,0,0,0,0,0,0,0
4.0298,0.089413,0,0,0,0,0,0,0,0
4.1314,0.089413,0,0,0,0,0,0,0,0
4.1925,0.089413,0,0,0,0,0,0,0,0
4.195,0.089413,0,0,0,0,0,0,0,0
4.1976,0.089413,0,0,0,0,0,0,0,0
4.1976,0.089413,0,0,0,0,0,0,0,0
4.1976,0.089237,0,0,0,0,0,0,0,0
4.3652,0.089009,0,0,0,0,0,0,0,0
4.609,0.089009,0,0,0,0,0,0,0,0
4.6085,0.089009,0,0,0,0,0,0,0,0
4.6085,0.089009,0,0,0,0,0,0,0,0
4.6085,0.089009,0,0,0,0,0,0,0,0
4.606,0.089009,0,0,0,0,0,0,0,0
5.1976,0.088925,0,0,0,0,0,0,0,0
5.6512,0.088633,0,0,0,0,0,0,0,0
5.6515,0.088633,0,0,0,0,0,0,0,0
5.6987,0.088633,0,0,0,0,0,0,0,0
6.2624,0.088633,0,0,0,0,0,0,0,0
7.0136,0.088633,0,0,0,0,0,0,0,0
7.0114,0.088633,0,0,0,0,0,0,0,0
7.2909,0.088481,0,0,0,0,0,0,0,0
7.7181,0.088291,0,0,0,0,0,0,0,0
7.7181,0.088291,0,0,0,0,0,0,0,0
9.4503,0.088291,0,0,0,0,0,0,0,0
10.052,0.088291,0,0,0,0,0,0,0,0
18.004,0.088291,0,0,0,0,0,0,0,0
2.2098,0.088257,0,0,0,0,0,0,0,0
2.2091,0.087987,0,0,0,0,0,0,0,0
2.2091,0.087987,0,0,0,0,0,0,0,0
2.2091,0.087987,0,0,0,0,0,0,0,0
2.2091,0.087987,0,0,0,0,0,0,0,0
2.2077,0.087987,0,0,0,0,0,0,0,0
2.2077,0.087918,0,0,0,0,0,0,0,0
2.2114,0.087704,0,0,0,0,0,0,0,0
2.216,0.087704,0,0,0,0,0,0,0,0
2.216,0.087704,0,0,0,0,0,0,0,0
2.216,0.087704,0,0,0,0,0,0,0,0
2.216,0.087704,0,0,0,0,0,0,0,0
2.216,0.087484,0,0,0,0,0,0,0,0
2.2128,0.087443,0,0,0,0,0,0,0,0
2.2113,0.087443,0,0,0,0,0,0,0,0
2.2112,0.087443,0,0,0,0,0,0,0,0
2.2112,0.087443,0,0,0,0,0,0,0,0
2.2112,0.08723,0,0,0,0,0,0,0,0
2.2034,0.087213,0,0,0,0,0,0,0,0
2.1955,0.087213,0,0,0,0,0,0,0,0
2.2508,0.087213,0,0,0,0,0,0,0,0
2.251,0.087119,0,0,0,0,0,0,0,0
2.251,0.087025,0,0,0,0,0,0,0,0
2.2522,0.087025,0,0,0,0,0,0,0,0
2.2779,0.087025,0,0,0,0,0,0,0,0
2.2984,0.086925,0,0,0,0,0,0,0,0
2.2984,0.086851,0,0,0,0,0,0,0,0
2.3176,0.086851,0,0,0,0,0,0,0,0
2.3319,0.086826,0,0,0,0,0,0,0,0
2.3319,0.086691,0,0,0,0,0,0,0,0
2.3434,0.086691,0,0,0,0,0,0,0,0
2.3485,0.086658,0,0,0,0,0,0,0,0
2.3197,0.086561,0,0,0,0,0,0,0,0
2.2981,0.086561,0,0,0,0,0,0,0,0
2.2734,0.086495,0,0,0,0,0,0,0,0
2.2543,0.086484,0,0,0,0,0,0,0,0
2.0882,0.086408,0,0,0,0,0,0,0,0
2.0722,0.086341,0,0,0,0,0,0,0,0
2.0722,0.033011,0,0,0,0,0,0,0,0
2.0722,0,0,0,0,0,0,0,0,0
2.1033,0,0,0,0,0,0,0,0,0
2.1513,0,0,0,0,0,0,0,0,0
2.1513,0,0,0,0,0,0,0,0,0
2.1513,0,0,0,0,0,0,0,0,0
2.1513,0,0,0,0,0,0,0,0,0
2.1513,0,0,0,0,0,0,0,0,0
2.1513,0,0,0,0,0,0,0,0,0
2.1513,0,0,0,0,0,0,0,0,0
2.1513,0,0,0,0,0,0,0,0,0
2.1507,0,0,0,0,0,0,0,0,0
2.1502,0,0,0,0,0,0,0,0,0
2.1502,0,0,0,0,0,0,0,0,0
2.1502,0,0,0,0,0,0,0,0,0
2.1502,0,0,0,0,0,0,0,0,0
2.1502,0,0,0,0,0,0,0,0,0
2.1502,0,0,0,0,0,0,0,0,0
2.1502,0,0,0,0,0,0,0,0,0
2.1563,0,0,0,0,0,0,0,0,0
2.2081,0,0,0,0,0,0,0,0,0
2.2092,0,0,0,0,0,0,0,0,0
2.3203,0,0,0,0,0,0,0,0,0
2.3202,0,0,0,0,0,0,0,0,0
2.3202,0,0,0,0,0,0,0,0,0
2.3202,0,0,0,0,0,0,0,0,0
2.3202,0,0,0,0,0,0,0,0,0
2.3202,0,0,0,0,0,0,0,0,0
2.3202,0,0,0,0,0,0,0,0,0
2.3202,0,0,0,0,0,0,0,0,0
2.3202,0,0,0,0,0,0,0,0,0
2.3202,0,0,0,0,0,0,0,0,0
2.3202,0,0,0,0,0,0,0,0,0
2.32,0,0,0,0,0,0,0,0,0
2.3198,0,0,0,0,0,0,0,0,0
2.3198,0,0,0,0,0,0,0,0,0
2.3198,0,0,0,0,0,0,0,0,0
2.3198,0,0,0,0,0,0,0,0,0
2.3198,0,0,0,0,0,0,0,0,0
2.3415,0,0,0,0,0,0,0,0,0
2.4228,0,0,0,0,0,0,0,0,0
2.4228,0,0,0,0,0,0,0,0,0
2.4228,0,0,0,0,0,0,0,0,0
2.4228,0,0,0,0,0,0,0,0,0
2.4228,0,0,0,0,0,0,0,0,0
2.4228,0,0,0,0,0,0,0,0,0
2.4228,0,0,0,0,0,0,0,0,0
2.4228,0,0,0,0,0,0,0,0,0
2.4228,0,0,0,0,0,0,0,0,0
2.4228,0,0,0,0,0,0,0,0,0
2.4228,0,0,0,0,0,0,0,0,0
2.4297,0,0,0,0,0,0,0,0,0
2.4981,0,0,0,0,0,0,0,0,0
2.4974,0,0,0,0,0,0,0,0,0
2.4971,0,0,0,0,0,0,0,0,0
2.4963,0,0,0,0,0,0,0,0,0
2.5532,0,0,0,0,0,0,0,0,0
2.5884,0,0,0,0,0,0,0,0,0
2.5884,0,0,0,0,0,0,0,0,0
2.5884,0,0,0,0,0,0,0,0,0
2.5884,0,0,0,0,0,0,0,0,0
2.5884,0,0,0,0,0,0,0,0,0
2.5884,0,0,0,0,0,0,0,0,0
2.5884,0,0,0,0,0,0,0,0,0
2.5884,0,0,0,0,0,0,0,0,0
2.5884,0,0,0,0,0,0,0,0,0
2.5884,0,0,0,0,0,0,0,0,0
2.5884,0,0,0,0,0,0,0,0,0
2.5883,0,0,0,0,0,0,0,0,0
2.5883,0,0,0,0,0,0,0,0,0
2.5883,0,0,0,0,0,0,0,0,0
2.5883,0,0,0,0,0,0,0,0,0
2.734,0,0,0,0,0,0,0,0,0
2.7424,0,0,0,0,0,0,0,0,0
2.7424,0,0,0,0,0,0,0,0,0
2.7419,0,0,0,0,0,0,0,0,0
2.7407,0,0,0,0,0,0,0,0,0
2.7407,0,0,0,0,0,0,0,0,0
2.7407,0,0,0,0,0,0,0,0,0
2.7407,0,0,0,0,0,0,0,0,0
2.7407,0,0,0,0,0,0,0,0,0
2.7407,0,0,0,0,0,0,0,0,0
2.8024,0,0,0,0,0,0,0,0,0
2.8118,0,0,0,0,0,0,0,0,0
2.8118,0,0,0,0,0,0,0,0,0
2.8118,0,0,0,0,0,0,0,0,0
2.9888,0,0,0,0,0,0,0,0,0
3.0672,0,0,0,0,0,0,0,0,0
3.0672,0,0,0,0,0,0,0,0,0
3.0672,0,0,0,0,0,0,0,0,0
3.0672,0,0,0,0,0,0,0,0,0
3.0672,0,0,0,0,0,0,0,0,0
3.0672,0,0,0,0,0,0,0,0,0
3.0672,0,0,0,0,0,0,0,0,0
3.0672,0,0,0,0,0,0,0,0,0
3.0672,0,0,0,0,0,0,0,0,0
3.0667,0,0,0,0,0,0,0,0,0
3.0664,0,0,0,0,0,0,0,0,0
3.1428,0,0,0,0,0,0,0,0,0
3.2811,0,0,0,0,0,0,0,0,0
3.2811,0,0,0,0,0,0,0,0,0
3.2811,0,0,0,0,0,0,0,0,0
3.2811,0,0,0,0,0,0,0,0,0
3.2811,0,0,0,0,0,0,0,0,0
3.2811,0,0,0,0,0,0,0,0,0
3.2811,0,0,0,0,0,0,0,0,0
3.2811,0,0,0,0,0,0,0,0,0
3.2811,0,0,0,0,0,0,0,0,0
3.2811,0,0,0,0,0,0,0,0,0
3.3228,0,0,0,0,0,0,0,0,0
3.458,0,0,0,0,0,0,0,0,0
3.5166,0,0,0,0,0,0,0,0,0
3.5166,0,0,0,0,0,0,0,0,0
3.5166,0,0,0,0,0,0,0,0,0
3.5166,0,0,0,0,0,0,0,0,0
3.5166,0,0,0,0,0,0,0,0,0
3.5166,0,0,0,0,0,0,0,0,0
3.5167,0,0,0,0,0,0,0,0,0
3.5167,0,0,0,0,0,0,0,0,0
3.5167,0,0,0,0,0,0,0,0,0
3.9174,0,0,0,0,0,0,0,0,0
3.9504,0,0,0,0,0,0,0,0,0
3.9504,0,0,0,0,0,0,0,0,0
3.9504,0,0,0,0,0,0,0,0,0
3.9504,0,0,0,0,0,0,0,0,0
3.9504,0,0,0,0,0,0,0,0,0
3.9504,0,0,0,0,0,0,0,0,0
3.9504,0,0,0,0,0,0,0,0,0
4.2373,0,0,0,0,0,0,0,0,0
5.0483,0,0,0,0,0,0,0,0,0
5.0483,0,0,0,0,0,0,0,0,0
5.0483,0,0,0,0,0,0,0,0,0
5.0483,0,0,0,0,0,0,0,0,0
5.0483,0,0,0,0,0,0,0,0,0
5.2314,0,0,0,0,0,0,0,0,0
6.4307,0,0,0,0,0,0,0,0,0
6.4299,0,0,0,0,0,0,0,0,0
6.4299,0,0,0,0,0,0,0,0,0
6.4828,0,0,0,0,0,0,0,0,0
7.0118,0,0,0,0,0,0,0,0,0
7.2737,0,0,0,0,0,0,0,0,0
7.2737,0,0,0,0,0,0,0,0,0
7.2737,0,0,0,0,0,0,0,0,0
9.0511,0,0,0,0,0,0,0,0,0
9.6969,0,0,0,0,0,0,0,0,0
9.6969,0,0,0,0,0,0,0,0,0
22.665,0,0,0,0,0,0,0,0,0
3.4984,0,0,0,0,0,0,0,0,0
1.4338,0,0,0,0,0,0,0,0,0
1.4338,0,0,0,0,0,0,0,0,0
1.4338,0,0,0,0,0,0,0,0,0
1.4338,0,0,0,0,0,0,0,0,0
1.4338,0,0,0,0,0,0,0,0,0
1.4337,0,0,0,0,0,0,0,0,0
1.4333,0,0,0,0,0,0,0,0,0
1.4318,0,0,0,0,0,0,0,0,0
1.4318,0,0,0,0,0,0,0,0,0
1.4318,0,0,0,0,0,0,0,0,0
1.4318,0,0,0,0,0,0,0,0,0
1.4317,0,0,0,0,0,0,0,0,0
1.4316,0,0,0,0,0,0,0,0,0
1.4316,0,0,0,0,0,0,0,0,0
1.4316,0,0,0,0,0,0,0,0,0
1.4316,0,0,0,0,0,0,0,0,0
1.5225,0,0,0,0,0,0,0,0,0
1.5632,0,0,0,0,0,0,0,0,0
1.5632,0,0,0,0,0,0,0,0,0
1.5632,0,0,0,0,0,0,0,0,0
1.5632,0,0,0,0,0,0,0,0,0
1.5632,0,0,0,0,0,0,0,0,0
1.5632,0,0,0,0,0,0,0,0,0
1.5632,0,0,0,0,0,0,0,0,0
1.5632,0,0,0,0,0,0,0,0,0
1.5628,0,0,0,0,0,0,0,0,0
1.5626,0,0,0,0,0,0,0,0,0
1.5626,0,0,0,0,0,0,0,0,0
1.5626,0,0,0,0,0,0,0,0,0
1.5626,0,0,0,0,0,0,0,0,0
1.5626,0,0,0,0,0,0,0,0,0
1.5626,0,0,0,0,0,0,0,0,0
1.5626,0,0,0,0,0,0,0,0,0
1.5626,0,0,0,0,0,0,0,0,0
1.5626,0,0,0,0,0,0,0,0,0
1.5626,0,0,0,0,0,0,0,0,0
1.5626,0,0,0,0,0,0,0,0,0
1.5626,0,0,0,0,0,0,0,0,0
1.5622,0,0,0,0,0,0,0,0,0
1.562,0,0,0,0,0,0,0,0,0
1.6789,0,0,0,0,0,0,0,0,0
1.6829,0,0,0,0,0,0,0,0,0
1.683,0,0,0,0,0,0,0,0,0
1.6836,0,0,0,0,0,0,0,0,0
1.6836,0,0,0,0,0,0,0,0,0
1.6836,0,0,0,0,0,0,0,0,0
1.6836,0,0,0,0,0,0,0,0,0
1.6836,0,0,0,0,0,0,0,0,0
1.6836,0,0,0,0,0,0,0,0,0
1.6836,0,0,0,0,0,0,0,0,0
1.6836,0,0,0,0,0,0,0,0,0
1.6836,0,0,0,0,0,0,0,0,0
1.6836,0,0,0,0,0,0,0,0,0
1.6836,0,0,0,0,0,0,0,0,0
1.6836,0,0,0,0,0,0,0,0,0
1.6836,0,0,0,0,0,0,0,0,0
1.6836,0,0,0,0,0,0,0,0,0
1.6833,0,0,0,0,0,0,0,0,0
1.6833,0,0,0,0,0,0,0,0,0
1.6831,0,0,0,0,0,0,0,0,0
1.6826,0,0,0,0,0,0,0,0,0
1.6826,0,0,0,0,0,0,0,0,0
1.7786,0,0,0,0,0,0,0,0,0
1.7912,0,0,0,0,0,0,0,0,0
1.7912,0,0,0,0,0,0,0,0,0
1.7912,0,0,0,0,0,0,0,0,0
1.7912,0,0,0,0,0,0,0,0,0
1.7912,0,0,0,0,0,0,0,0,0
1.7912,0,0,0,0,0,0,0,0,0
1.7912,0,0,0,0,0,0,0,0,0
1.7911,0,0,0,0,0,0,0,0,0
1.7909,0,0,0,0,0,0,0,0,0
1.7909,0,0,0,0,0,0,0,0,0
1.7909,0,0,0,0,0,0,0,0,0
1.7909,0,0,0,0,0,0,0,0,0
1.7902,0,0,0,0,0,0,0,0,0
1.7889,0,0,0,0,0,0,0,0,0
1.7889,0,0,0,0,0,0,0,0,0
1.7889,0,0,0,0,0,0,0,0,0
1.7889,0,0,0,0,0,0,0,0,0
1.7889,0,0,0,0,0,0,0,0,0
1.7889,0,0,0,0,0,0,0,0,0
1.7986,0,0,0,0,0,0,0,0,0
1.969,0,0,0,0,0,0,0,0,0
1.969,0,0,0,0,0,0,0,0,0
1.969,0,0,0,0,0,0,0,0,0
1.969,0,0,0,0,0,0,0,0,0
1.969,0,0,0,0,0,0,0,0,0
1.969,0,0,0,0,0,0,0,0,0
1.969,0,0,0,0,0,0,0,0,0
1.969,0,0,0,0,0,0,0,0,0
1.9686,0,0,0,0,0,0,0,0,0
1.9686,0,0,0,0,0,0,0,0,0
1.9686,0,0,0,0,0,0,0,0,0
1.9686,0,0,0,0,0,0,0,0,0
1.9686,0,0,0,0,0,0,0,0,0
1.9686,0,0,0,0,0,0,0,0,0
1.9686,0,0,0,0,0,0,0,0,0
1.9686,0,0,0,0,0,0,0,0,0
1.9686,0,0,0,0,0,0,0,0,0
1.9686,0,0,0,0,0,0,0,0,0
2.0075,0,0,0,0,0,0,0,0,0
2.2662,0,0,0,0,0,0,0,0,0
2.2662,0,0,0,0,0,0,0,0,0
2.2662,0,0,0,0,0,0,0,0,0
2.2671,0,0,0,0,0,0,0,0,0
2.2679,0,0,0,0,0,0,0,0,0
2.2679,0,0,0,0,0,0,0,0,0
2.2679,0,0,0,0,0,0,0,0,0
2.2679,0,0,0,0,0,0,0,0,0
2.2679,0,0,0,0,0,0,0,0,0
2.2679,0,0,0,0,0,0,0,0,0
2.2679,0,0,0,0,0,0,0,0,0
2.2679,0,0,0,0,0,0,0,0,0
2.2679,0,0,0,0,0,0,0,0,0
2.2679,0,0,0,0,0,0,0,0,0
2.2679,0,0,0,0,0,0,0,0,0
2.2679,0,0,0,0,0,0,0,0,0
2.4605,0,0,0,0,0,0,0,0,0
2.5177,0,0,0,0,0,0,0,0,0
2.5177,0,0,0,0,0,0,0,0,0
2.5177,0,0,0,0,0,0,0,0,0
2.5177,0,0,0,0,0,0,0,0,0
2.5177,0,0,0,0,0,0,0,0,0
2.5177,0,0,0,0,0,0,0,0,0
2.5177,0,0,0,0,0,0,0,0,0
2.5177,0,0,0,0,0,0,0,0,0
2.5177,0,0,0,0,0,0,0,0,0
2.5177,0,0,0,0,0,0,0,0,0
2.5177,0,0,0,0,0,0,0,0,0
2.5177,0,0,0,0,0,0,0,0,0
2.5151,0,0,0,0,0,0,0,0,0
2.5245,0,0,0,0,0,0,0,0,0
2.7125,0,0,0,0,0,0,0,0,0
2.7123,0,0,0,0,0,0,0,0,0
2.7123,0,0,0,0,0,0,0,0,0
2.7123,0,0,0,0,0,0,0,0,0
2.7123,0,0,0,0,0,0,0,0,0
2.7123,0,0,0,0,0,0,0,0,0
2.7123,0,0,0,0,0,0,0,0,0
2.7123,0,0,0,0,0,0,0,0,0
2.7123,0,0,0,0,0,0,0,0,0
2.7123,0,0,0,0,0,0,0,0,0
2.7123,0,0,0,0,0,0,0,0,0
2.7123,0,0,0,0,0,0,0,0,0
2.7123,0,0,0,0,0,0,0,0,0
2.9052,0,0,0,0,0,0,0,0,0
3.2167,0,0,0,0,0,0,0,0,0
3.2167,0,0,0,0,0,0,0,0,0
3.2167,0,0,0,0,0,0,0,0,0
3.2167,0,0,0,0,0,0,0,0,0
3.2167,0,0,0,0,0,0,0,0,0
3.2167,0,0,0,0,0,0,0,0,0
3.219,0,0,0,0,0,0,0,0,0
3.2208,0,0,0,0,0,0,0,0,0
3.2208,0,0,0,0,0,0,0,0,0
3.2208,0,0,0,0,0,0,0,0,0
3.2208,0,0,0,0,0,0,0,0,0
4.3941,0,0,0,0,0,0,0,0,0
4.4956,0,0,0,0,0,0,0,0,0
4.4956,0,0,0,0,0,0,0,0,0
4.4956,0,0,0,0,0,0,0,0,0
4.4951,0,0,0,0,0,0,0,0,0
4.4939,0,0,0,0,0,0,0,0,0
4.4933,0,0,0,0,0,0,0,0,0
4.4933,0,0,0,0,0,0,0,0,0
5.8023,0,0,0,0,0,0,0,0,0
6.0994,0,0,0,0,0,0,0,0,0
6.0994,0,0,0,0,0,0,0,0,0
6.0994,0,0,0,0,0,0,0,0,0
6.0992,0,0,0,0,0,0,0,0,0
6.0926,0,0,0,0,0,0,0,0,0
6.87,0,0,0,0,0,0,0,0,0
6.9652,0,0,0,0,0,0,0,0,0
6.9652,0,0,0,0,0,0,0,0,0
6.9652,0,0,0,0,0,0,0,0,0
6.9652,0,0,0,0,0,0,0,0,0
8.9748,0,0,0,0,0,0,0,0,0
9.7798,0,0,0,0,0,0,0,0,0
9.7806,0,0,0,0,0,0,0,0,0
10.534,0,0,0,0,0,0,0,0,0
25.487,0,0,0,0,0,0,0,0,0
8.8847,0,0,0,0,0,0,0,0,0
0.18811,0,0,0,0,0,0,0,0,0
0.18811,0,0,0,0,0,0,0,0,0
0.2012,0,0,0,0,0,0,0,0,0
0.20422,0,0,0,0,0,0,0,0,0
0.20422,0,0,0,0,0,0,0,0,0
0.20422,0,0,0,0,0,0,0,0,0
0.20595,0,0,0,0,0,0,0,0,0
0.20768,0,0,0,0,0,0,0,0,0
0.2072,0,0,0,0,0,0,0,0,0
0.2072,0,0,0,0,0,0,0,0,0
0.18744,0,0,0,0,0,0,0,0,0
0.18427,0,0,0,0,0,0,0,0,0
0.18427,0,0,0,0,0,0,0,0,0
0.16977,0,0,0,0,0,0,0,0,0
0.16874,0,0,0,0,0,0,0,0,0
0.15471,0,0,0,0,0,0,0,0,0
0.082071,0,0,0,0,0,0,0,0,0
0.082071,0,0,0,0,0,0,0,0,0
0.082071,0,0,0,0,0,0,0,0,0
0.082071,0,0,0,0,0,0,0,0,0
0.082071,0,0,0,0,0,0,0,0,0
0.082071,0,0,0,0,0,0,0,0,0
0.082071,0,0,0,0,0,0,0,0,0
0.082071,0,0,0,0,0,0,0,0,0
0.082071,0,0,0,0,0,0,0,0,0
0.082071,0,0,0,0,0,0,0,0,0
0.082071,0,0,0,0,0,0,0,0,0
0.082071,0,0,0,0,0,0,0,0,0
0.082071,0,0,0,0,0,0,0,0,0
0.082071,0,0,0,0,0,0,0,0,0
0.082071,0,0,0,0,0,0,0,0,0
0.082071,0,0,0,0,0,0,0,0,0
0.082071,0,0,0,0,0,0,0,0,0
0.082071,0,0,0,0,0,0,0,0,0
0.082071,0,0,0,0,0,0,0,0,0
0.082071,0,0,0,0,0,0,0,0,0
0.082071,0,0,0,0,0,0,0,0,0
0.082071,0,0,0,0,0,0,0,0,0
0.082071,0,0,0,0,0,0,0,0,0
0.082137,0,0,0,0,0,0,0,0,0
0.082241,0,0,0,0,0,0,0,0,0
0.082241,0,0,0,0,0,0,0,0,0
0.082241,0,0,0,0,0,0,0,0,0
0.082241,0,0,0,0,0,0,0,0,0
0.082241,0,0,0,0,0,0,0,0,0
0.082241,0,0,0,0,0,0,0,0,0
0.082241,0,0,0,0,0,0,0,0,0
0.082241,0,0,0,0,0,0,0,0,0
0.082241,0,0,0,0,0,0,0,0,0
0.082241,0,0,0,0,0,0,0,0,0
0.082241,0,0,0,0,0,0,0,0,0
0.082241,0,0,0,0,0,0,0,0,0
0.082241,0,0,0,0,0,0,0,0,0
0.082241,0,0,0,0,0,0,0,0,0
0.082241,0,0,0,0,0,0,0,0,0
0.082241,0,0,0,0,0,0,0,0,0
0.082241,0,0,0,0,0,0,0,0,0
0.081421,0,0,0,0,0,0,0,0,0
0.079635,0,0,0,0,0,0,0,0,0
0.079635,0,0,0,0,0,0,0,0,0
0.079635,0,0,0,0,0,0,0,0,0
0.079635,0,0,0,0,0,0,0,0,0
0.079635,0,0,0,0,0,0,0,0,0
0.079635,0,0,0,0,0,0,0,0,0
0.079635,0,0,0,0,0,0,0,0,0
0.079635,0,0,0,0,0,0,0,0,0
0.079635,0,0,0,0,0,0,0,0,0
0.079472,0,0,0,0,0,0,0,0,0
0.07936,0,0,0,0,0,0,0,0,0
0.07936,0,0,0,0,0,0,0,0,0
0.07936,0,0,0,0,0,0,0,0,0
0.07936,0,0,0,0,0,0,0,0,0
0.07936,0,0,0,0,0,0,0,0,0
0.07936,0,0,0,0,0,0,0,0,0
0.07936,0,0,0,0,0,0,0,0,0
0.07936,0,0,0,0,0,0,0,0,0
0.07936,0,0,0,0,0,0,0,0,0
0.07936,0,0,0,0,0,0,0,0,0
0.07936,0,0,0,0,0,0,0,0,0
0.07936,0,0,0,0,0,0,0,0,0
0.07936,0,0,0,0,0,0,0,0,0
0.07936,0,0,0,0,0,0,0,0,0
0.07936,0,0,0,0,0,0,0,0,0
0.07936,0,0,0,0,0,0,0,0,0
0.07936,0,0,0,0,0,0,0,0,0
0.07936,0,0,0,0,0,0,0,0,0
0.07936,0,0,0,0,0,0,0,0,0
0.07936,0,0,0,0,0,0,0,0,0
0.07936,0,0,0,0,0,0,0,0,0
0.07936,0,0,0,0,0,0,0,0,0
0.07936,0,0,0,0,0,0,0,0,0
0.07936,0,0,0,0,0,0,0,0,0
0.07936,0,0,0,0,0,0,0,0,0
0.07936,0,0,0,0,0,0,0,0,0
0.078847,0,0,0,0,0,0,0,0,0
0.078663,0,0,0,0,0,0,0,0,0
0.078663,0,0,0,0,0,0,0,0,0
0.078663,0,0,0,0,0,0,0,0,0
0.078663,0,0,0,0,0,0,0,0,0
0.078663,0,0,0,0,0,0,0,0,0
0.078663,0,0,0,0,0,0,0,0,0
0.078663,0,0,0,0,0,0,0,0,0
0.078663,0,0,0,0,0,0,0,0,0
0.078663,0,0,0,0,0,0,0,0,0
0.078663,0,0,0,0,0,0,0,0,0
0.078663,0,0,0,0,0,0,0,0,0
0.078663,0,0,0,0,0,0,0,0,0
0.078663,0,0,0,0,0,0,0,0,0
0.078663,0,0,0,0,0,0,0,0,0
0.078663,0,0,0,0,0,0,0,0,0
0.078663,0,0,0,0,0,0,0,0,0
0.078663,0,0,0,0,0,0,0,0,0
0.080067,0,0,0,0,0,0,0,0,0
0.083834,0,0,0,0,0,0,0,0,0
0.083834,0,0,0,0,0,0,0,0,0
0.083834,0,0,0,0,0,0,0,0,0
0.083834,0,0,0,0,0,0,0,0,0
0.083834,0,0,0,0,0,0,0,0,0
0.083834,0,0,0,0,0,0,0,0,0
0.083834,0,0,0,0,0,0,0,0,0
0.083718,0,0,0,0,0,0,0,0,0
0.083659,0,0,0,0,0,0,0,0,0
0.083659,0,0,0,0,0,0,0,0,0
0.083659,0,0,0,0,0,0,0,0,0
0.083659,0,0,0,0,0,0,0,0,0
0.083659,0,0,0,0,0,0,0,0,0
0.083659,0,0,0,0,0,0,0,0,0
0.083659,0,0,0,0,0,0,0,0,0
0.083659,0,0,0,0,0,0,0,0,0
0.083659,0,0,0,0,0,0,0,0,0
0.083659,0,0,0,0,0,0,0,0,0
0.083659,0,0,0,0,0,0,0,0,0
0.083659,0,0,0,0,0,0,0,0,0
0.083659,0,0,0,0,0,0,0,0,0
0.083659,0,0,0,0,0,0,0,0,0
0.083659,0,0,0,0,0,0,0,0,0
0.083659,0,0,0,0,0,0,0,0,0
0.083659,0,0,0,0,0,0,0,0,0
0.083659,0,0,0,0,0,0,0,0,0
0.083659,0,0,0,0,0,0,0,0,0
0.083659,0,0,0,0,0,0,0,0,0
0.083659,0,0,0,0,0,0,0,0,0
0.083659,0,0,0,0,0,0,0,0,0
0.083659,0,0,0,0,0,0,0,0,0
0.083659,0,0,0,0,0,0,0,0,0
0.083936,0,0,0,0,0,0,0,0,0
0.084072,0,0,0,0,0,0,0,0,0
0.084072,0,0,0,0,0,0,0,0,0
0.084072,0,0,0,0,0,0,0,0,0
0.084072,0,0,0,0,0,0,0,0,0
0.084072,0,0,0,0,0,0,0,0,0
0.084072,0,0,0,0,0,0,0,0,0
0.084072,0,0,0,0,0,0,0,0,0
0.084072,0,0,0,0,0,0,0,0,0
0.084072,0,0,0,0,0,0,0,0,0
0.084072,0,0,0,0,0,0,0,0,0
0.085842,0,0,0,0,0,0,0,0,0
0.12377,0,0,0,0,0,0,0,0,0
0.12377,0,0,0,0,0,0,0,0,0
0.12377,0,0,0,0,0,0,0,0,0
0.12377,0,0,0,0,0,0,0,0,0
0.12377,0,0,0,0,0,0,0,0,0
0.12377,0,0,0,0,0,0,0,0,0
0.12377,0,0,0,0,0,0,0,0,0
0.12377,0,0,0,0,0,0,0,0,0
0.12377,0,0,0,0,0,0,0,0,0
0.12377,0,0,0,0,0,0,0,0,0
0.12377,0,0,0,0,0,0,0,0,0
0.12375,0,0,0,0,0,0,0,0,0
0.12351,0,0,0,0,0,0,0,0,0
0.12351,0,0,0,0,0,0,0,0,0
0.12351,0,0,0,0,0,0,0,0,0
0.12351,0,0,0,0,0,0,0,0,0
0.12351,0,0,0,0,0,0,0,0,0
0.12351,0,0,0,0,0,0,0,0,0
0.061153,0,0,0,0,0,0,0,0,0
0.054829,0,0,0,0,0,0,0,0,0
0.054829,0,0,0,0,0,0,0,0,0
0.054829,0,0,0,0,0,0,0,0,0
0.054829,0,0,0,0,0,0,0,0,0
0.054829,0,0,0,0,0,0,0,0,0
0.054829,0,0,0,0,0,0,0,0,0
0.054829,0,0,0,0,0,0,0,0,0
0.054829,0,0,0,0,0,0,0,0,0
0.054829,0,0,0,0,0,0,0,0,0
0.054829,0,0,0,0,0,0,0,0,0
0.054829,0,0,0,0,0,0,0,0,0
0.054829,0,0,0,0,0,0,0,0,0
0.054829,0,0,0,0,0,0,0,0,0
0.054829,0,0,0,0,0,0,0,0,0
0.054829,0,0,0,0,0,0,0,0,0
0.054277,0,0,0,0,0,0,0,0,0
0.053926,0,0,0,0,0,0,0,0,0
0.053926,0,0,0,0,0,0,0,0,0
0.053926,0,0,0,0,0,0,0,0,0
0.053926,0,0,0,0,0,0,0,0,0
0.053926,0,0,0,0,0,0,0,0,0
0.053926,0,0,0,0,0,0,0,0,0
0.053926,0,0,0,0,0,0,0,0,0
0.053926,0,0,0,0,0,0,0,0,0
0.053926,0,0,0,0,0,0,0,0,0
0.053926,0,0,0,0,0,0,0,0,0
0.053926,0,0,0,0,0,0,0,0,0
0.053926,0,0,0,0,0,0,0,0,0
0.053926,0,0,0,0,0,0,0,0,0
0.053926,0,0,0,0,0,0,0,0,0
0.053926,0,0,0,0,0,0,0,0,0
0.053926,0,0,0,0,0,0,0,0,0
0.053926,0,0,0,0,0,0,0,0,0
0.053926,0,0,0,0,0,0,0,0,0
0.053926,0,0,0,0,0,0,0,0,0
0.053926,0,0,0,0,0,0,0,0,0
0.053919,0,0,0,0,0,0,0,0,0
0.053831,0,0,0,0,0,0,0,0,0
0.053831,0,0,0,0,0,0,0,0,0
0.053831,0,0,0,0,0,0,0,0,0
0.053831,0,0,0,0,0,0,0,0,0
0.053831,0,0,0,0,0,0,0,0,0
0.053831,0,0,0,0,0,0,0,0,0
0.053831,0,0,0,0,0,0,0,0,0
0.053831,0,0,0,0,0,0,0,0,0
0.053831,0,0,0,0,0,0,0,0,0
0.053831,0,0,0,0,0,0,0,0,0
0.053831,0,0,0,0,0,0,0,0,0
0.053831,0,0,0,0,0,0,0,0,0
0.053831,0,0,0,0,0,0,0,0,0
0.053831,0,0,0,0,0,0,0,0,0
0.053831,0,0,0,0,0,0,0,0,0
0.053831,0,0,0,0,0,0,0,0,0
0.053831,0,0,0,0,0,0,0,0,0
0.053831,0,0,0,0,0,0,0,0,0
0.053831,0,0,0,0,0,0,0,0,0
0.053831,0,0,0,0,0,0,0,0,0
0.054565,0,0,0,0,0,0,0,0,0
0.054707,0,0,0,0,0,0,0,0,0
0.054707,0,0,0,0,0,0,0,0,0
0.054707,0,0,0,0,0,0,0,0,0
0.054707,0,0,0,0,0,0,0,0,0
0.054707,0,0,0,0,0,0,0,0,0
0.054707,0,0,0,0,0,0,0,0,0
0.054707,0,0,0,0,0,0,0,0,0
0.054707,0,0,0,0,0,0,0,0,0
0.054707,0,0,0,0,0,0,0,0,0
0.054707,0,0,0,0,0,0,0,0,0
0.054707,0,0,0,0,0,0,0,0,0
0.054707,0,0,0,0,0,0,0,0,0
0.054707,0,0,0,0,0,0,0,0,0
0.054707,0,0,0,0,0,0,0,0,0
0.054707,0,0,0,0,0,0,0,0,0
0.054707,0,0,0,0,0,0,0,0,0
0.054707,0,0,0,0,0,0,0,0,0
0.052943,0,0,0,0,0,0,0,0,0
0.048296,0,0,0,0,0,0,0,0,0
0.048296,0,0,0,0,0,0,0,0,0
0.048296,0,0,0,0,0,0,0,0,0
0.048296,0,0,0,0,0,0,0,0,0
0.048296,0,0,0,0,0,0,0,0,0
0.048296,0,0,0,0,0,0,0,0,0
0.048296,0,0,0,0,0,0,0,0,0
0.048296,0,0,0,0,0,0,0,0,0
0.048296,0,0,0,0,0,0,0,0,0
0.048296,0,0,0,0,0,0,0,0,0
0.048296,0,0,0,0,0,0,0,0,0
0.048296,0,0,0,0,0,0,0,0,0
0.048296,0,0,0,0,0,0,0,0,0
0.048296,0,0,0,0,0,0,0,0,0
0.048296,0,0,0,0,0,0,0,0,0
0.048296,0,0,0,0,0,0,0,0,0
0.048296,0,0,0,0,0,0,0,0,0
0.048296,0,0,0,0,0,0,0,0,0
0.048296,0,0,0,0,0,0,0,0,0
0.044281,0,0,0,0,0,0,0,0,0
0.043307,0,0,0,0,0,0,0,0,0
0.043307,0,0,0,0,0,0,0,0,0
0.043307,0,0,0,0,0,0,0,0,0
0.043307,0,0,0,0,0,0,0,0,0
0.043307,0,0,0,0,0,0,0,0,0
0.043307,0,0,0,0,0,0,0,0,0
0.043307,0,0,0,0,0,0,0,0,0
0.043307,0,0,0,0,0,0,0,0,0
0.043307,0,0,0,0,0,0,0,0,0
0.043307,0,0,0,0,0,0,0,0,0
0.043307,0,0,0,0,0,0,0,0,0
0.043307,0,0,0,0,0,0,0,0,0
0.043307,0,0,0,0,0,0,0,0,0
0.043307,0,0,0,0,0,0,0,0,0
0.043307,0,0,0,0,0,0,0,0,0
0.043307,0,0,0,0,0,0,0,0,0
0.043307,0,0,0,0,0,0,0,0,0
0.043307,0,0,0,0,0,0,0,0,0
0.043307,0,0,0,0,0,0,0,0,0
0.049488,0,0,0,0,0,0,0,0,0
0.050557,0,0,0,0,0,0,0,0,0
0.050557,0,0,0,0,0,0,0,0,0
0.050557,0,0,0,0,0,0,0,0,0
0.050557,0,0,0,0,0,0,0,0,0
0.050557,0,0,0,0,0,0,0,0,0
0.050557,0,0,0,0,0,0,0,0,0
0.050557,0,0,0,0,0,0,0,0,0
0.050557,0,0,0,0,0,0,0,0,0
0.050557,0,0,0,0,0,0,0,0,0
0.050557,0,0,0,0,0,0,0,0,0
0.050557,0,0,0,0,0,0,0,0,0
0.050557,0,0,0,0,0,0,0,0,0
0.050557,0,0,0,0,0,0,0,0,0
0.050557,0,0,0,0,0,0,0,0,0
0.069239,0,0,0,0,0,0,0,0,0
0.11266,0,0,0,0,0,0,0,0,0
0.11266,0,0,0,0,0,0,0,0,0
0.11266,0,0,0,0,0,0,0,0,0
0.11266,0,0,0,0,0,0,0,0,0
0.11266,0,0,0,0,0,0,0,0,0
0.10906,0,0,0,0,0,0,0,0,0
0,0,0,0,0,0,0,0,0,0
0,0,0,0,0,0,0,0,0,0
0,0,0,0,0,0,0,0,0,0
0,0,0,0,0,0,0,0,0,0
0,0,0,0,0,0,0,0,0,0
0,0,0,0,0,0,0,0,0,0
0,0,0,0,0,0,0,0,0,0
0,0,0,0,0,0,0,0,0,0
0,0,0,0,0,0,0,0,0,0
0,0,0,0,0,0,0,0,0,0
